890923 8 32962982
891062 10 22553873
891140 1 30414106
891140 2 31636913
891374 8 7019595
891375 5 21889586
891522 2 34938096
891522 5 23303039
891818 1 10281874
891818 2 5677988
892286 7 29157943
892286 36 12612369
892904 64 21917952
900026 1 23641863
900026 3 25463708
892107 0 29545316
892107 3 4950956
892122 14 18483085
892122 5 16864759
892122 13 16890403
893317 2 29790680
893317 5 376642
894825 31 7075412
894825 66 21081334
895541 61 22889441
905661 2 5238184
900026 4 14185781
900026 10 3357729
901061 3 19711649
901061 22 2449056
905521 3 22090749
905521 6 5791301
962231 63 29923379
892351 8 31882657
892558 2 16463296
892714 10 13189870
892876 7 14341644
894266 1 25901808
894266 10 2183350
903291 0 2937593
903291 8 35007010
916679 12 5012417
916679 28 839884
1054862 3 3484870
1054862 145 32129688
947398 5 18566869
947398 65 16593832
1225475 11 18598273
892887 39 1362660
893317 3 18095152
894516 5 17770340
896255 7 4560409
901927 0 18856995
901927 6 30546542
902486 61 7293664
915219 3 11105511
915219 9 19617354
944950 29 984275
944950 122 999828
892286 9 9325578
892286 45 6998009
892286 46 20024287
892286 29 17758846
892286 44 17926462
892351 11 26249704
892527 0 18791696
892558 7 24777306
892876 2 1175860
892876 5 2154401
903291 9 23897775
941887 36 22637597
892411 5 16283224
893158 4 23051697
892443 11 9343101
892443 12 20785634
892443 0 19060400
892443 7 1234970
892551 12 3190177
892833 8 7393700
892833 11 5432238
895429 19 34641949
895429 54 27807127
892930 9 3081666
894949 1 12275686
894949 3 6498787
895418 2 2725506
897053 1 32561755
898476 2 12280501
898476 4 10553523
902767 2 1258065
907906 9 5567670
907906 17 14120247
909086 56 36127300
915039 0 33937039
915039 22 3657034
916679 34 36614591
924704 31 16825412
924704 68 3611764
929963 7 35291426
892957 6 7447253
892957 7 31884604
897250 13 18516914
897250 42 15081695
906211 4 26005574
917315 11 19528567
927144 10 19580415
958168 3 30429862
892996 7 27584311
895980 5 31165465
900026 5 14162215
900026 7 12308709
900026 8 7457070
900218 2 15900337
900218 9 30455938
989050 1 21911690
893068 10 22062941
893158 0 11685486
893158 22 33449262
893229 4 27417095
893229 8 33564788
893329 4 34988749
893286 32 30677940
893286 66 10610149
893286 73 12762654
893329 5 4054062
893329 6 35025461
893379 20 31960001
893384 8 32316251
893384 24 15173066
893422 20 22007007
893422 72 4411319
893579 13 12585821
893579 0 22253199
893579 5 3247932
893587 10 21275073
893587 67 19295843
893587 24 36777538
893587 6 27342897
893587 22 31041423
893631 2 16540424
893631 15 4013706
900072 37 24686696
900072 38 14620592
932314 48 17581419
932314 54 34583255
893744 0 31336308
893744 2 25523249
896578 7 8017219
893880 9 1500409
893880 3 22007021
893880 4 19103587
893880 7 7465290
893880 8 30384170
893973 0 14269372
894218 6 1228533
894218 30 19116972
894218 7 23118491
894218 32 8378784
894516 4 26423321
894552 1 20066380
894552 5 19560865
895617 9 7130749
905867 5 22971293
905980 5 28531274
906278 0 29978080
906278 7 12628427
914851 3 23715851
894643 2 14682434
894822 2 18874616
894822 13 28998085
894822 21 33368583
894822 27 18408989
894822 54 30524797
894825 43 33004410
894825 85 23775661
895094 0 29994980
895094 4 9440714
929645 3 30456706
929645 21 81279
895240 5 22178818
895347 6 12194833
895347 8 26141402
895347 2 36070836
895347 7 35167103
895347 9 8771961
895429 30 6446948
895429 47 7212749
895980 6 1150729
982944 55 9333355
895429 65 15069042
895429 70 5634122
895430 13 12944313
895430 19 15467337
895458 42 26531621
895458 31 21904806
895458 41 10895822
895458 29 7987279
895458 36 16254053
895458 6 36225112
895458 12 34738152
895458 39 3364115
895458 24 6328813
895458 46 30341597
895484 25 31228336
895484 29 24487914
895484 18 29569974
895484 26 29316831
895484 7 3271273
895484 28 5872957
895523 0 10676009
897080 6 10019450
911949 12 21754413
911949 14 11488029
917315 13 31331331
927144 52 15990785
929963 38 3653883
1040729 2 12787355
1040729 4 11079
1040729 11 15272389
895620 9 10677844
895620 10 35543864
895620 3 18136046
895620 4 9307105
895671 1 1865236
895671 6 31022277
895754 4 32965949
895754 25 1816989
895971 4 23661386
895971 0 1947800
896008 74 14462349
896132 0 7762894
896132 1 33296053
896660 3 9771630
896660 8 36402287
896680 3 12449905
896750 2 36170410
896940 105 7701767
903416 0 27705217
903416 22 14228323
912362 7 5588447
912362 34 17143207
944950 128 23816161
897032 20 7152637
897034 5 26701541
898765 38 18078399
898765 99 35113234
898765 68 36168939
897034 53 34949708
899289 0 32600266
899289 16 23280645
897081 4 6056715
897100 5 26177158
897162 7 9593182
897162 26 25952280
897162 34 21955192
897162 42 11235234
897250 41 23572543
917315 1 18228053
927144 54 16437310
897415 4 29609761
897602 17 35202756
897602 117 30156456
897602 14 31087800
897602 41 23665239
897602 113 31230020
897602 48 4613038
897602 75 5424208
897602 101 15028809
897602 74 13794913
897602 6 34440401
897602 80 26178281
897680 15 2096892
897680 21 35899327
897729 100 29985026
897739 120 18694254
897766 15 18009620
897768 94 13030326
898162 1 36318991
898162 3 10802250
898228 10 35107565
898228 0 28218154
898228 11 10007155
898228 9 24607579
898415 26 15307559
898415 56 12608359
898630 0 20747729
898630 12 18446578
898642 0 30380928
898642 3 25442640
898642 1 3062137
898642 5 29093402
898646 14 18634708
898646 30 7637597
898704 3 17893791
898708 3 15329558
898708 9 4952956
898708 7 20813525
898708 8 32590089
898708 15 9760372
898708 11 32038835
898708 12 33149369
898708 13 13025551
898816 3 12628510
898820 1 26917993
898820 6 32686681
900072 4 27027722
900072 16 23716554
906999 6 21801982
906999 36 19888576
898820 3 21913564
898820 5 15631242
898921 45 27313846
899009 9 7818666
899009 11 15040611
899010 0 21617152
899010 7 632452
899040 27 3382635
900072 42 8710051
899130 1 4960048
899130 10 31926354
899130 17 27622008
899130 9 23365325
899130 21 779551
899130 3 14880163
899130 14 29743217
899130 15 3900398
899130 22 34762685
899130 6 10989778
899130 26 6530307
899130 7 4449216
899130 16 28715945
899145 3 24392990
899145 0 17042286
899145 4 11138764
899171 3 28954589
900032 1 5488469
900190 12 26137812
900218 5 8784742
900218 7 27491824
903416 10 8973432
903416 14 30971563
911104 10 24787650
911949 13 25831600
917572 9 8401708
917572 14 14058645
944950 114 670077
948946 0 17524378
948946 11 5109433
989050 7 12808599
899200 1 1203296
899200 4 15320637
899288 15 36212270
899289 1 11356226
899289 2 4316599
899302 1 25282541
899304 13 30725017
899304 14 20205339
899304 9 32554287
899304 11 17212876
899308 1 17751868
899308 2 32367853
899859 0 34532378
899859 3 22999534
899337 2 2287124
899337 3 33661787
899369 4 1247191
900072 48 11745829
903331 3 6219948
903331 9 16779727
899560 6 27972794
899574 2 9812434
899574 3 3515041
899854 1 14357449
899854 12 3813701
899854 4 27358045
899854 13 33872675
899854 15 19304627
900772 15 504737
899854 5 28906556
899854 16 7174104
899854 0 18619130
899854 17 19155008
902388 3 24184502
902388 11 14402214
902620 6 8896604
899894 0 12790846
899894 3 13262425
899900 12 10822973
900032 0 26919329
900032 4 27305629
900219 0 10943341
901061 9 14648066
910019 2 1558248
911599 12 4861113
912362 0 35766731
948967 9 772278
989050 31 11205057
899915 15 18151776
899915 27 27367658
899926 0 18051407
900051 5 1206397
900051 12 34645881
900051 15 11108589
900072 5 8592896
900072 21 7414650
903331 5 22716554
906999 3 16503182
900073 0 15012181
900073 1 6861135
900074 1 26879907
900088 1 10617150
900149 0 24217285
900149 4 5896572
900149 5 20963463
900165 5 32305258
900261 0 6277235
900261 3 7221300
900262 1 31450203
900611 11 35549595
900616 1 28885426
900621 8 7733959
900621 5 9674113
900621 6 402096
900623 0 22150207
900623 2 23241029
900623 6 22653484
900674 9 26113320
900674 25 28605067
900674 4 20963177
900674 3 7995329
900674 5 19480209
900674 14 13981178
900674 29 26779674
900686 1 1083713
900772 11 14427524
900772 2 19749564
900772 13 2210721
906999 13 23740821
906999 33 17944500
900777 6 23145620
900778 4 2384812
900778 26 12184299
900778 19 31657896
900778 28 29250324
900778 1 21758745
900778 33 31223094
900778 31 28670238
900778 36 18966272
900778 0 4338004
900778 14 6281368
900778 10 21751689
900778 11 18372534
900778 27 2080040
900778 15 23944615
900778 32 14162918
900780 8 31153778
900780 13 20168690
900780 24 26113544
900780 2 32418068
900780 15 5759610
900960 21 20429975
900960 45 9169200
901049 0 28469943
901049 22 23967078
901049 14 2448371
901049 37 3981455
901068 5 32659209
901068 10 30524859
901201 4 13264650
901395 1 2988044
901395 8 6140786
901198 0 13132120
901198 1 961744
901313 2 10493237
901313 4 15665302
901317 3 10472001
901359 0 1161166
901395 5 15294989
901395 6 17645863
901395 10 13590306
901398 1 13573112
901398 2 36866826
901484 1 13448897
901506 10 10741824
902728 22 29135592
901506 3 26154208
901506 20 12799465
901685 2 32751541
901685 24 36220545
901685 31 31240878
901685 7 21734798
901685 8 889209
901685 22 7655386
1078919 11 345770
901806 0 8439276
901827 1 29396480
901827 3 4331487
901963 0 13822989
902012 4 33734508
902111 164 26005527
902164 10 27346740
902164 5 30633590
902164 4 22781752
902164 12 29303924
902164 6 32214598
902164 0 22228047
902164 8 12221635
902249 2 26080127
902302 2 4474947
902303 12 5838995
902336 104 16359711
902337 0 18401106
902337 2 31514501
902338 16 30117999
902338 20 1846428
902338 32 9912600
902338 0 35820078
902338 11 35991927
902338 21 19974684
902338 14 22966966
902338 18 14787760
902359 76 7155332
902373 3 31846993
902373 5 35642689
902388 10 36571868
902417 1 6102202
902421 0 23632479
902421 4 20524921
902425 0 4897287
902425 2 4174600
902425 1 546787
902427 4 25082570
902427 6 26687701
902428 0 10929423
902428 8 35502094
902455 13 21456847
902455 18 25203916
902455 4 17285523
902455 16 5112581
902455 20 1972000
902455 22 1713645
902455 7 3245189
902455 21 21078531
902455 3 25774669
902455 19 32789861
902455 2 4812440
902455 9 34121746
902455 17 16580411
902461 50 21857236
902464 0 30807757
902464 1 15845230
902468 2 11374603
902494 7 3478864
902502 2 5745685
902502 3 785006
902502 5 10664990
902569 2 26776413
902715 43 28980910
902569 4 34201575
902569 5 10750967
902601 2 8750531
902601 3 22948482
902602 0 1372295
902603 5 5012581
902603 8 35468596
902603 2 23633229
902603 3 10810462
902605 13 12165771
902605 42 24614793
902614 0 26876897
902614 3 13215703
902615 1 34305012
902615 2 2597644
902621 16 8248611
902621 26 22332857
902658 17 22383713
902658 22 29411100
902658 26 12937229
902658 5 2111244
902658 27 13812249
902658 2 23928222
902658 18 12641825
902658 40 9318569
902677 0 35693768
902677 1 35984531
902677 2 13824746
902679 19 31181153
902679 1 23724479
902679 16 5787704
902679 13 26613178
902679 21 8547776
902679 23 19558453
902679 24 35526616
902679 2 19006962
902679 10 16479914
902709 5 30497434
902710 4 21427931
902715 13 15959533
902715 86 10938513
902715 51 13538686
902726 34 11558486
902726 58 31399818
902726 11 31335503
902726 56 28466033
902727 26 21404269
902727 34 34913187
902727 111 22327908
902727 124 30708913
902727 21 23544766
902727 85 25734287
902727 41 3480622
902727 98 35522434
902727 12 8888345
902727 51 11363403
902727 10 27923373
902727 22 21523253
902736 0 30711092
902736 2 20111603
902738 54 20520842
902738 68 29703171
902738 9 5626061
902738 23 32817889
902739 6 6537904
902739 28 385090
902740 10 27498315
902740 13 30409990
902741 2 23420840
902752 3 1860216
902752 7 26262883
902752 8 24142204
902826 2 30548706
902826 3 20623819
902852 0 30381485
902852 2 35905737
902864 0 21485585
902864 2 28044552
902865 7 7639243
902865 11 22230043
902865 4 16356547
902865 5 14220850
902868 1 18829579
902868 2 17781195
902909 0 16349547
902909 1 17053993
902944 0 10229639
902944 2 22574453
902948 1 13578979
902948 2 17014127
902957 1 22194382
903014 0 14647397
903014 3 11805836
903028 0 17019186
903028 4 30172209
903032 3 32667599
903032 4 9500782
903032 6 22102141
903035 0 36786370
903035 1 8386315
903041 4 15372203
903041 6 8265457
903041 1 15513391
903041 3 4699577
903072 0 21862849
903072 2 10740904
903075 5 24542967
903075 6 36246342
903151 1 11397270
903176 1 10508235
903220 0 12682218
903236 1 33837926
903266 10 23716534
903266 15 23933904
903266 1 11094806
903266 16 5730549
903266 2 1325377
903266 4 34377850
903267 2 17935314
903267 8 4260187
903267 10 6925179
903334 0 28634326
903334 1 28221292
903416 15 9057270
903416 23 23166646
905382 6 22201865
905382 9 30032339
911063 3 23099050
917572 4 12512349
917572 11 1206515
948967 17 30965308
948967 23 648925
989050 18 35228700
989050 38 5084697
2253661 412 2799894
903335 0 23697304
903335 5 25281515
903422 1 30249748
903422 16 28544614
903422 17 32294062
903422 25 16923709
903422 28 25181820
903422 26 24479074
903422 40 9907842
903422 43 30610711
903482 6 17782659
903482 15 34649914
903532 0 5164057
903532 3 21476445
903964 0 7026740
903964 1 8637303
904100 2 10496271
904100 4 35268719
904177 3 14480336
904277 2 31025398
904327 13 32562500
904327 14 9343399
904327 4 9903318
904327 5 5086670
904327 6 6774104
904327 15 11412150
904477 37 34600675
904477 11 10459671
904477 28 17753441
904477 27 31353867
904477 19 7212921
904477 32 938626
904477 12 1894084
904477 39 20730297
904477 30 8809761
904477 29 34893270
904477 22 6399667
904489 5 24587608
904489 25 2338591
904489 23 23954806
904489 24 31768102
904489 3 36157104
904489 28 8821411
904489 6 31002722
904489 14 27429051
904490 10 21977888
904490 17 6771387
904491 2 16502708
904491 3 35793507
904560 1 8397901
904560 8 28191583
1196572 3 36012212
1196572 7 25392462
904918 0 7354512
904918 4 2673056
904946 1 24679887
908365 0 32318711
905061 1 30715201
905061 2 7777691
905110 1 35371109
905110 2 8797985
905134 0 22357203
905134 1 34210208
905387 0 11697840
905387 1 11818756
905388 0 9328839
905502 7 18535405
905551 13 6231143
905551 20 6546730
905553 5 11922416
905553 39 8874930
905553 14 26704745
905553 30 23252659
906999 10 10126189
906999 40 5308128
909285 19 2441178
905554 4 35177793
905554 6 33071064
905556 3 14191940
905573 43 30118501
905573 31 9670458
905573 105 12046424
905573 52 17917005
905573 55 27861071
905573 103 8002086
905573 40 35294626
905573 62 22781056
905587 17 15307351
905587 7 20467314
905587 32 5539253
905587 31 10423184
905660 0 27710845
905660 1 582158
905660 2 19951303
905681 16 15084575
905681 66 15057795
905681 46 29155587
905681 67 32587698
905681 24 1289210
905681 63 26604958
905681 79 34795199
905731 1 14596908
905798 5 8498793
905884 67 5900727
906024 0 32994805
906024 3 15183708
906025 0 30361306
906025 1 31886326
906026 1 23944067
906071 4 5241615
906137 1 34935000
906137 2 22738896
906137 3 14389202
906251 2 21645359
906251 15 23421472
906276 4 26910888
906325 15 12548368
906325 30 24488489
906325 2 23012449
906325 24 33113170
906325 8 3502593
906325 11 6010321
906325 17 26738550
907905 1 25280523
907905 3 3648883
909273 0 33226508
911949 8 17217577
911949 15 29651071
911949 18 18094694
906339 1 21360256
906339 3 20031551
906345 0 36365701
906405 1 33385954
906425 0 28160992
906450 0 26843269
906450 1 13274949
906450 2 29346868
906526 0 8330105
906556 1 34602792
906575 1 25645842
906575 2 5339531
906629 1 10966995
906629 5 35081568
906786 0 30684363
906786 2 32348139
906924 45 31982922
906924 55 1411666
906924 52 24831780
906931 18 24902287
906931 31 6136686
906931 9 34212921
906999 23 28435051
906999 39 5698621
909285 1 14200968
909285 2 30176162
909285 11 15869210
907021 3 9956093
907059 9 15780548
907059 18 31302327
907059 28 30132135
907059 10 30893759
907059 15 22933902
907059 20 16201535
907059 36 12905762
907059 12 19078548
907059 30 3624366
907059 4 26673508
907059 0 6987454
907059 26 4006474
907870 4 31590323
907059 22 4421563
907059 25 29659565
907162 4 28519928
907162 12 3110247
907162 2 28638784
907162 5 3797407
907187 1 7840725
907870 6 18360593
907211 5 25054145
907211 1 25248278
907211 4 19846501
907211 10 18653311
907387 2 30593052
907387 5 9402363
907419 2 19718475
907419 3 23043617
907419 0 9482903
909285 24 29932487
907621 10 4468205
907621 1 10324737
907621 7 28921873
907621 3 20372862
907621 4 7832201
907621 11 33087462
907624 2 34895148
907624 3 28413528
907674 0 26661458
907674 10 13954645
907657 15 20289428
907657 18 21506562
907674 6 5160366
907674 8 11772476
907674 7 15510130
907674 9 28495771
907705 1 1627082
907705 2 5481980
907705 4 2178939
907705 3 32152188
907705 5 15891008
907768 10 16803732
907870 2 26616609
907870 10 3254707
907870 11 12167774
908024 0 16286008
908024 14 32560329
908048 2 14871720
908048 12 23164924
908048 3 14334446
908048 4 35650413
908074 2 14267088
908074 0 11239111
908074 5 2200902
908074 6 29582829
908123 164 10195821
908141 172 20776419
908152 6 10556867
908152 8 4218816
908160 0 17594673
908160 1 12612760
908202 2 19312720
908309 0 31221390
908309 27 20257061
909285 3 34748040
908309 12 7144180
908309 15 10461304
908309 18 12751767
908310 4 22767699
908310 24 15330956
908310 8 18061475
908310 11 11205074
908310 6 19935628
908310 16 21109404
908310 19 27703085
908310 25 25911717
909285 14 17366749
909285 36 18766040
909501 0 28592432
913403 55 19827539
908321 34 2280938
908341 1 32980565
908341 6 32542123
908385 1 9439674
908385 9 10359253
908495 0 836263
908495 3 8859053
908495 4 10535982
908516 0 6712255
908516 7 9407488
908552 0 4254209
908554 5 14419407
908554 6 36632268
909473 3 12151511
911086 3 18701523
911086 19 13126950
908593 5 19538596
908616 1 32942743
908636 23 28783583
908636 33 16795935
908636 27 7687506
908636 35 20965714
908636 4 22651975
908636 30 26519665
908636 6 11532959
908636 32 4599908
908638 1 34025897
908638 2 26865954
908851 2 34888481
908851 1 31183679
908851 5 20166643
908851 8 11366070
908913 0 2882280
908913 2 11762293
908959 65 6050908
908959 69 14443842
908959 29 10358431
908959 85 523975
909047 0 27313042
909047 1 25169060
909047 2 13860252
909047 3 9013563
909285 40 4967384
911063 1 10519430
911063 12 25541078
917278 2 27475895
917278 12 31698715
909285 22 7530440
909285 33 26796898
909285 20 27367937
909501 16 25567834
909837 1 33515120
909837 6 34085144
909128 0 35506392
909128 10 4275094
909129 71 30968962
909160 1 33226784
909160 7 4037794
909169 20 15655548
909169 22 22318137
909285 18 31416406
909458 127 2523498
909473 1 11633583
911921 7 64622
911921 11 15614148
909473 0 131715
909473 8 20509029
909501 5 36414764
909501 8 32702341
909513 2 34641002
909513 3 17634679
909621 19 15757079
909621 60 3043024
909720 0 6693822
909720 1 18250912
909720 2 35549636
909836 7 11180857
909837 2 22693192
909837 7 12411337
910057 1 21456808
910060 0 2267375
910090 0 35257466
910259 6 25044119
910384 0 24796274
910384 2 13004456
910495 4 34020563
910495 6 32302095
910495 7 32880797
910516 3 5851030
910517 1 5608795
910517 12 3715212
910590 1 36027976
910656 1 9363515
910656 4 4796741
910656 5 20786350
910656 6 5936890
910656 7 8375833
910817 0 29711693
910817 4 30255138
911068 4 32645023
911068 5 8896936
910753 3 4461568
910753 4 4277337
910784 3 19376838
910817 3 33410009
911921 2 26445378
911921 9 35331073
910980 1 2356522
910989 1 29493958
910989 4 8836005
911921 14 24364029
910989 5 26325341
911921 0 16213262
911004 3 17382918
911004 45 32659957
911005 44 21963206
911005 48 9278014
911005 71 36285925
911005 1 8164448
911005 107 15054268
911005 25 18075882
911005 28 30242161
911005 74 16010734
911005 102 14481098
911005 21 3627382
911005 79 29619650
911005 2 32031708
911005 11 28221
911005 91 12722955
911005 38 20886900
911005 116 28861417
911015 45 19225261
911015 66 14429027
911015 1 33290231
911015 31 25145637
911085 23 25621099
911086 20 8484920
911086 24 16113570
911114 0 8085865
911114 3 32127657
911143 19 28720164
911144 104 12311458
911144 110 36141280
911143 77 33112867
911143 109 25060828
911143 60 3127771
911143 94 17873965
911154 68 34259335
911157 11 20128491
911157 18 27603245
911199 0 15051243
911301 0 11782609
911301 3 17902516
911302 2 3321592
911302 3 24282277
911328 0 18945432
911328 1 19833672
911329 12 31541318
911367 2 5296034
911381 27 7206982
911381 33 21503698
911382 18 33332426
911382 22 24203158
911382 0 17809369
911382 14 23216168
911382 16 18361972
911382 27 15501857
911382 19 11640766
911382 28 30775634
911383 24 23060149
911383 19 21322918
911383 27 9369812
911383 23 15229472
911384 16 17146038
911384 7 6775608
911384 12 18962876
911384 10 5880127
911384 6 29689531
911384 13 31931293
911385 3 14288462
911385 14 14884490
911385 23 9274982
911385 1 31562931
911385 2 6491935
911400 0 15221308
911400 3 10871972
911400 8 22664728
911417 5 15920849
911417 7 5079185
911472 11 5422098
911501 1 13839177
911501 2 17083282
911502 0 8005307
911502 2 6583616
911502 3 34234614
911554 0 33088512
911554 3 14824650
911556 0 36184709
911556 1 34086415
911605 0 18492514
911605 7 19007695
911605 14 1302401
911630 4 10699417
911630 11 1396337
911630 0 25732270
911630 3 33860694
911630 8 7086250
911661 1 6997622
911730 1 14622742
911733 0 16387704
911733 1 18892256
911733 10 9164441
911733 4 33613159
911733 13 12801078
911733 8 31653251
911733 14 8461291
911772 3 32836052
911772 4 17905823
911921 6 28027926
911921 10 28142295
911838 0 9943216
911844 44 12728800
911855 4 16775355
911921 3 28051571
911927 5 10986631
911927 22 1162862
911949 6 35624072
911949 16 19300793
912050 1 35613165
912050 12 4329507
912050 13 12344953
912050 8 1434956
912050 11 3900917
912050 21 15277927
912050 4 30570264
912050 5 3168910
912050 15 8981058
912050 2 9175707
912050 18 36718083
912065 0 13799346
912065 16 25423320
912524 8 7744246
912065 7 6739553
912065 10 34849108
912065 2 11428072
912065 6 17248902
912138 0 32718214
912167 1 7808146
912207 0 33621125
912215 0 6122753
912244 2 15601509
912244 3 35255948
912244 7 6675673
912244 9 14671182
912245 0 16446685
912277 0 7338607
912277 2 31831012
912369 3 7372532
912369 4 10272461
912448 1 7201674
912448 4 14571861
912448 5 22403001
912478 9 32270005
912478 2 24115557
912478 4 8211474
912490 61 10620510
912524 22 16595096
912524 38 26977845
912524 1 14989713
912524 36 12587740
912524 39 31070562
912524 15 19192243
912524 4 14119434
912524 29 28737124
912524 24 31204151
912524 28 34265546
912524 5 34674195
912524 40 33257693
912524 31 17352881
912524 9 25031960
912524 18 5956057
912524 35 62092
912524 42 17722907
912524 20 14901980
912524 21 29636230
912524 17 33920191
912524 23 9566125
912524 10 36199315
912524 19 19832152
912524 34 4667563
912526 1 31087620
912559 0 35409880
912559 1 30338072
912604 2 31318115
912604 7 34082202
912636 1 5173414
912636 3 7730412
912636 5 22121139
912636 6 21442520
912675 42 26709253
912675 11 8355456
912675 28 18827476
912675 80 30559455
912675 52 8521445
912675 70 22441180
912675 49 26048046
912675 75 214318
912675 15 27000392
912675 57 6839455
912675 63 12235083
912681 8 7012212
912701 5 29110994
912701 8 4768476
912747 7 34943006
912757 1 19028418
912757 9 32535191
913403 1 21657676
914659 5 28706798
912859 70 1730647
912860 2 32794309
912898 1 29228860
912964 1 26661557
912964 30 15111149
912964 32 25680159
912964 35 783842
912964 0 28017797
912964 27 22892505
912964 2 23653650
912964 14 6957690
912964 22 8943083
912964 8 4760427
912964 19 4870920
912964 7 11075811
912964 16 31764631
912964 26 22365210
912964 23 2749768
912964 36 31341056
912964 15 211161
912964 3 20155272
912964 20 22132807
912964 5 32591641
912964 6 4910605
912964 39 21968348
912964 9 36375875
912964 33 741553
912994 35 13471558
913030 0 14072192
913030 2 18948277
913030 4 10278070
913210 0 12684209
913210 3 9764303
913220 2 30025728
917911 11 28325363
913326 16 35195479
913326 32 1657377
917572 8 7846335
917572 15 33877844
927163 4 18252062
980988 53 10939634
981426 28 18288467
2253661 423 17857765
913374 8 8174995
913374 17 8990441
913374 7 11299121
913374 14 11521753
913374 18 32085974
913374 1 10532498
913374 9 27255302
913374 12 34939096
913374 15 25609747
913469 17 93058
913469 18 12344832
913487 1 11987920
913487 2 12369574
913490 0 24901006
913490 1 26236753
913630 2 20405246
913630 3 4298004
913828 1 13815333
913828 6 25138530
913828 0 13368732
913828 8 11877914
914058 16 1445599
914058 41 1306848
913982 4 19735179
913982 12 1707226
913982 13 28260315
913983 6 2077430
913985 3 4901269
913998 1 5984869
913998 5 20438780
913999 4 19788001
913999 11 4309636
1388313 1145 16782090
914006 0 6346919
914006 4 4103865
914017 6 16202688
914021 11 35602766
914043 15 24616330
914043 26 10553350
914043 32 12212370
914659 0 24123397
914045 1 32378762
914058 52 24287536
914058 57 7007353
914058 9 20579696
914058 32 13134410
914058 26 19933509
914058 36 4235173
914058 47 27623353
914058 14 24034029
914063 8 3519806
914063 14 31561531
914063 40 24270735
914063 1 6477354
914063 33 2299967
914063 34 15339065
914063 30 8842754
914063 36 35853013
914063 32 18691017
914063 35 12664856
914063 2 11612744
914063 41 19231023
914063 9 28739494
914063 7 6978455
914063 19 4144383
914063 3 19339694
914063 20 20158893
914063 22 15739979
914063 37 23027735
914063 39 7529879
914063 13 6409731
914063 15 14914735
914063 28 27112703
914063 10 34300692
914063 27 16017773
914063 26 5549957
914063 31 30046392
914089 0 5291308
914089 6 4091700
914089 5 17973144
914089 7 4266511
914089 8 20426281
914089 22 25444980
914089 1 24693416
914089 25 24393365
914089 10 16921315
914089 17 1334132
914089 4 27428866
914089 32 34692913
914089 28 5847265
914089 12 22016621
914089 21 15203301
914134 2 4088097
914211 1 25511519
914368 6 24841966
914368 17 13517934
914418 4 27771901
2046382 0 33565847
2046382 5 3104214
914498 1 15467172
914498 0 8679907
914498 5 12576859
914587 2 963889
914587 25 11826894
914614 9 34335450
914614 10 17471894
1370063 0 5501116
1370063 4 22947435
914659 14 10824468
914661 1 36630032
3774023 29 8835450
914801 1 22836809
914821 136 17034586
915838 4 27365674
916375 2 15983781
916375 4 14043713
924426 6 14436498
937330 46 13472246
989050 9 18636330
989050 15 7950544
1317606 1 36719954
1317606 2 32783388
914913 0 34209646
914913 6 10040787
914935 11 21314970
914935 16 16273354
914949 9 9102904
915009 0 32206928
915009 3 10553073
915013 10 1294039
915013 6 9778257
915013 8 6403870
915013 4 16189614
915013 14 27341874
915046 6 15663775
915046 22 29988704
915046 16 34659916
915046 23 19218494
915046 20 8593478
915046 26 13730865
915046 4 13758541
915046 24 13984130
915046 13 3612102
915046 25 10741908
915046 12 13882606
915046 15 2988174
915046 1 6014979
915046 3 12706681
915046 2 22738800
915046 8 32541156
915046 9 2700067
915046 11 21075750
915048 0 19154983
915048 6 23032113
915049 6 21149533
915049 10 32949655
915118 8 15453107
915179 0 3863955
915179 4 6608376
915201 1 20305339
915201 8 4004253
915201 4 11092200
915201 12 286371
915201 13 31677980
915219 2 2940917
915293 6 11784752
915798 21 11766487
915798 63 23770817
915302 0 35007428
915303 16 34025522
915303 24 3518033
915303 34 19296976
915478 7 2493584
915486 68 1514421
915518 7 9991263
915518 5 35617664
915518 6 2658743
915520 1 1100190
915520 2 15108625
916638 7 3167485
916638 20 3197972
916638 46 10649828
915798 28 36718756
915798 60 34990559
915576 2 13716372
915578 6 30516019
915578 10 28367335
915578 1 7595806
915578 2 20397272
915583 11 21369845
916642 18 35920039
916642 37 7278364
915656 33 5095446
915656 100 4662627
915688 3 14323085
915688 4 26047446
915740 0 34940802
915742 5 1052543
915742 39 12787596
915742 7 1757529
915742 28 17167367
915742 31 22497333
915742 49 22959016
915742 48 29759072
915744 52 30481894
915744 55 15603937
915744 57 6556343
915795 1 16869166
915795 0 179379
915798 42 2617540
915811 1 20480321
915855 4 1393333
915855 7 11604820
915855 18 34168227
915967 147 22919061
915931 2 25644226
915947 6 21379804
916028 2 19486265
916028 7 22962948
915947 0 7789286
915947 5 29086102
915947 7 18804879
915969 4 5998397
915967 30 3851892
915967 170 23463747
915967 178 9437474
915967 47 15430565
915967 155 10171591
915967 81 3376805
915967 85 21018329
915969 39 9823688
915967 18 17610228
915967 141 17121237
915967 40 14395360
915967 138 33682138
915967 53 5605023
915967 158 7386915
915967 20 23174240
915967 54 18839433
915967 144 28803245
915969 12 33602379
915967 111 29671521
915967 46 16942639
915969 31 21936245
915969 50 10450627
915967 171 4377732
915967 136 28895158
915967 74 10763010
915967 69 2381197
915967 42 26457935
915967 100 19854051
915967 10 12502215
915980 24 27259669
916028 5 35358472
916028 9 212444
916254 3 2007811
916254 5 24519205
916254 0 8456604
916254 8 20005960
916356 5 8955424
916356 8 24882204
916366 4 355017
1331341 285 2586703
1331341 466 11357875
916459 1 16902043
920476 72 17710766
916476 2 20350437
916525 2 7182729
916543 17 1898225
916583 36 25876046
916583 6 33118121
916583 67 727328
916583 41 30221418
916583 65 27105684
916583 23 33682600
916583 43 31758470
916583 14 18191757
916583 28 25756450
916583 71 21535866
916583 57 18166157
916583 20 34289880
916587 0 10286508
916587 49 26170097
916587 52 5574587
916638 47 12989346
916638 14 7941475
916638 24 28855932
916638 35 27059261
916638 11 26219567
916638 38 3757909
916642 8 24284148
916642 9 32203263
916642 19 11724064
916640 46 1326822
924645 3 15903584
924645 8 33032212
916640 3 23305101
916640 28 5314093
916640 11 20454522
916640 24 12394438
916640 2 29061767
916640 20 3814874
916642 13 15331526
916642 20 33112827
916642 31 11425023
916642 4 21410742
916642 28 32137600
916642 0 5508259
916642 12 32604700
916758 2 8230051
916758 4 27386565
916684 6 21452939
916684 14 26454978
916684 8 21384504
916684 15 7131947
916684 3 33246240
916684 10 16780370
916684 4 20047440
916684 7 23333643
916695 2 1027163
916695 9 11620682
916742 1 4633651
916759 2 12331916
916793 30 34037781
916793 32 34476728
916819 4 7337408
916852 0 4833080
916893 2 21320339
916893 3 31515891
916893 0 11667727
916893 6 8040207
916925 28 16664524
916925 46 2627516
916997 20 32897307
916997 34 8355613
916997 44 14219769
917006 34 31572251
917006 38 6281564
917006 98 10668278
917006 80 34041236
917006 101 19740359
917109 0 14361013
917109 1 16039484
917173 0 2411694
917177 1 15479501
917177 10 29482246
917183 18 30256195
917183 39 17337515
917238 4 7808046
917530 42 13498379
917530 57 6733888
917238 2 4443378
917239 10 30195935
917239 48 4907071
917239 50 10569189
917292 2 21983437
917292 67 16038729
917292 11 22174547
917315 12 16065004
917315 16 7556685
917403 14 12921534
917403 42 2043786
917403 0 17539288
917403 19 18473839
917403 9 21008014
917403 23 9720480
917403 3 5734703
917403 5 5759752
917403 6 10069473
917422 0 25748463
917422 6 30658426
917430 0 6645762
917430 1 3418812
917443 0 30245223
917443 3 25448231
917459 1 16903571
917459 3 24218252
917482 2 3742736
917482 64 29670921
917529 2 19542985
917530 26 10917842
917530 31 9857731
917530 20 11568473
917530 44 550431
917530 53 22578605
917530 24 26384287
917530 0 22303755
917530 8 25319490
917530 54 15411583
917530 1 13489423
917530 13 17385324
917530 27 32634208
917530 16 3421021
917530 28 10753839
917530 17 22567882
917530 32 14681498
917530 39 15959523
917530 34 28948412
917530 35 13586303
917530 3 5579940
917530 52 7537584
917530 22 34595186
917530 47 10851205
917530 12 22997437
917530 51 31161948
917530 10 30794370
917530 33 10076608
917530 19 25169202
917530 50 8632751
917530 7 4250020
917530 56 16093382
917530 25 12537783
917530 30 21653428
917530 21 18661844
917530 29 12880586
917530 46 35429587
917530 55 4340525
917530 45 16081635
917530 49 5930769
917575 0 36151134
917575 1 13772369
917575 2 19195880
917712 10 29610915
917712 12 19971345
917726 1 8920682
917739 1 33465832
917739 7 35592671
917799 2 6338908
917799 18 30450522
917921 24 23140614
917921 33 27649598
917799 10 26637018
917799 15 29106675
917799 6 10364310
917799 11 13033395
917799 1 6265372
917799 3 3033877
917799 19 21164659
917921 17 18071994
917921 28 892263
917852 0 545317
917852 3 35051412
917860 0 22283655
917860 3 15906266
917911 5 11366389
917911 7 35696131
917921 7 20903208
917921 16 19864451
917921 10 19183403
917921 31 32583392
917921 1 9198955
917921 8 3157140
917921 13 30393822
917921 23 12545290
917921 11 24149123
917921 14 30620498
917921 18 17129137
917921 4 8170600
917921 12 28982759
917921 22 29004673
956053 0 20967857
918027 3 31739778
1217991 6 22866317
919244 1 15596097
919244 2 12392907
918260 3 22454395
918269 18 24178476
918269 2 10689097
918269 5 8014166
918269 17 23701867
918269 19 4345101
918269 7 33295976
918269 22 36769938
918269 3 27830069
918269 15 13724093
918269 9 36243203
918269 25 311872
918269 6 19472913
918269 10 15360371
918269 4 26640576
918269 8 9938800
918269 24 18948142
918483 105 821880
918509 65 19438075
918509 108 22940397
918509 162 7131658
918505 33 3301864
918509 180 14661486
918510 74 8990358
918509 146 31195528
918505 113 13764944
918510 112 10361574
918509 19 17915610
918510 101 25553482
918510 97 11742007
918509 5 6269622
918510 32 12152820
918509 60 36869683
918510 141 20789495
918509 140 25771220
918509 157 251148
918510 151 31490908
918510 127 7949286
918510 48 17292674
918509 75 3374278
918509 141 36852771
918510 86 2628853
918510 128 24455176
918510 176 1728376
918510 94 6284838
918510 88 28127054
918600 23 33307772
918600 33 11850444
918600 9 22231829
918600 18 7847901
918636 95 14400922
918636 104 19454606
918636 29 15760689
918636 45 25914841
918636 80 12405080
918636 56 14445746
918680 30 16433567
918636 40 752112
918680 14 8846541
918636 106 13335005
918680 26 32701898
918636 23 32773536
918680 55 3943408
918636 76 171190
918636 109 3844442
918680 49 31282863
918680 16 4243906
918680 53 5505646
918680 90 25509674
918680 64 817816
918680 20 20383804
918680 48 2811346
918727 0 14340913
918727 1 21545291
918727 7 35504106
918727 6 3991258
918774 2 33935223
918774 7 27101303
918774 8 26518633
918918 26 18825714
918934 5 28473521
918934 11 8537626
918935 1 3665225
918989 2 2354847
918989 5 8457946
918989 9 27790281
919005 1 9296922
919005 9 4232301
919039 0 1821849
919039 4 887000
919039 12 19947272
919039 13 26926318
919039 14 26746697
919039 1 11854790
919045 36 6452323
919045 28 4984875
919045 0 13294112
919045 19 10539663
919045 17 36011994
919045 46 1618500
919045 22 12049747
919045 35 8839663
919045 13 7317851
919045 40 27905385
919045 41 29535746
919045 43 25618085
919045 38 14505168
919045 48 34995807
919045 16 2245645
919045 29 34896497
919045 42 12565818
919045 6 23072119
919045 18 24272349
919045 1 25830427
919045 11 24892428
919045 45 31751933
919045 47 22284239
919045 3 31801200
919102 5 22902979
919102 17 22517580
919102 15 10910456
919102 23 3033948
924664 20 27416781
924664 31 3989421
924781 0 17126005
924781 16 26048091
919102 1 34835272
919102 16 16940888
919102 21 17239661
919102 24 19659736
919102 25 34459721
920205 1 28364824
920205 6 29897854
919102 12 16978947
919303 10 5250787
919303 8 25993011
919303 15 10734659
919303 16 25006008
919357 1 7413092
919364 100 15869713
919621 13 3533607
919364 83 17065798
919364 91 5877763
919364 52 221257
919364 158 2537125
919364 81 29241743
919382 17 33677955
919382 157 19070567
919382 154 23114132
919382 20 29684918
919364 96 24340179
919364 60 25143643
919364 104 14577607
919364 130 26115238
919382 165 485743
919364 123 34822258
919364 155 25649723
919364 27 17770234
919621 6 38582
919621 158 31289649
919364 139 30393976
919364 57 34426310
919364 140 22488675
919364 150 36493506
919364 85 32975122
919364 170 10352313
919364 132 28229068
919382 70 34942732
919364 21 13203431
919364 136 13514832
919382 29 35876653
919364 144 34101542
919621 144 19425458
919364 40 21631262
919382 149 5013634
919465 60 33981832
919465 41 21286792
919465 81 9102869
919465 50 25820018
919465 69 12320226
919793 5 21905291
919793 6 10488896
919465 1 27423953
919465 86 16545218
919465 2 18824452
919465 49 17005067
919465 39 32080415
919465 67 6940539
919471 4 27850275
919471 6 20488213
919485 0 36030823
919509 0 22795186
919487 66 3459459
919487 80 23695033
919487 6 22773660
919487 71 34330237
919487 83 28739568
919487 41 18828748
919487 82 6930638
919487 12 35890777
919487 64 17549927
919487 73 7666851
919503 1 18167981
919568 11 1252257
919568 63 32915374
919568 17 36077990
919568 55 149925
919568 56 5900956
919616 66 593451
919621 0 783861
919621 166 12614345
919616 43 34186725
919616 76 6947554
919621 11 506355
919621 163 28838109
919621 97 8483773
919621 159 16718969
919892 151 17655498
919621 168 24390227
919892 129 13594351
919621 162 9330477
919621 133 27896041
919890 115 27087727
919621 136 10474214
919892 25 15142736
919621 80 14426986
919621 161 11267188
919892 109 11833590
919621 86 33902169
919621 151 16992644
919621 141 19451530
919621 90 13693516
919672 12 12015601
919672 29 32529720
919672 18 33403891
919672 21 15312939
919672 23 9954415
919672 2 30613617
919672 40 17366454
919672 5 10434492
919672 43 34169996
919672 39 20454369
919672 54 22527954
919672 13 81383
919672 49 6607398
919672 10 9997851
919672 37 13677910
919672 11 4935973
919672 33 18061951
919672 14 513908
919672 25 18284687
919672 0 13142998
919672 36 28576854
919672 19 4864132
919672 51 35746564
919672 22 26297665
919672 26 9032971
919672 30 15063441
919672 41 5477767
919672 3 33018398
919672 28 2957022
919672 52 34819580
919672 35 9528879
919672 50 30016521
919818 3 4446427
919818 8 8683276
919818 2 18769778
919818 10 23327504
919835 8 35077932
919835 10 14770291
919873 2 13482137
919873 7 10077608
919890 124 34428520
919892 160 18488348
919903 3 32003582
919892 113 27959643
919903 67 30472126
919890 8 16077177
919890 118 35934652
919892 147 13936738
919892 172 1879523
919903 66 3130596
919890 129 19716540
919890 32 36196098
919892 128 13577372
919892 180 4858100
919890 97 12790820
919890 100 25688223
920046 10 24384771
919892 120 34485549
919892 164 15161753
919892 89 12234305
919890 62 13538255
919890 65 5887456
919890 61 10005894
919892 154 541046
919903 10 28237223
919892 139 5136696
919892 110 29797991
920071 9 18636707
919903 61 9253575
921107 18 26613795
919903 71 5473287
920071 61 23331692
921040 50 33473114
920046 3 13859055
920046 6 21678407
920059 16 11098348
921049 151 14348655
921049 171 10464022
920071 67 9588526
920071 104 29686245
920071 113 24234642
921049 109 20356907
920071 57 35227034
920071 44 11209885
920071 86 20869396
921049 143 21519893
921039 139 2600756
920100 23 15505907
920100 24 11748997
920104 11 23072755
920104 40 11977320
920104 4 6545508
920104 43 316327
920104 20 1607759
920104 7 20304690
920104 22 31967413
920104 35 4451426
920104 0 31881539
920104 16 20831372
920104 38 2249424
920104 3 739190
920104 8 28632683
920104 15 6306893
920104 29 3762764
920104 36 12751127
920104 12 11034024
920104 17 1066524
920104 31 15354259
920104 13 36720827
920104 27 29062457
920122 2 167269
920122 8 20011105
920122 9 617846
920122 0 1715841
920144 0 33094697
920144 7 16507075
920164 1 16481284
920164 3 21591660
920168 5 15183169
920168 8 849957
920579 9 19384781
920579 25 22219780
920169 0 23073100
920169 4 34264745
920280 0 36660122
920322 5 19441055
920392 0 10175338
920392 1 12390798
920392 3 12076319
920471 2 8461423
920471 6 34132877
920471 9 13971655
920471 7 5012853
920471 8 27877290
920499 4 14387832
920499 20 36372573
920550 1 35754215
920550 27 2349539
921040 156 14235359
921107 98 21965792
921107 135 8999841
920578 61 23160600
920578 14 22771610
920578 31 4985042
920578 24 20186144
920578 62 23940970
920578 53 5857522
920578 66 28281507
920578 16 27195657
920578 43 21204417
920578 21 15696366
920578 49 17742258
920578 67 15758421
921039 30 17725946
920579 14 14995378
920579 40 3528442
920579 19 26581479
920579 21 35204650
920579 24 32806583
920579 1 3222648
920579 27 6618754
920579 5 10249083
920579 17 10534531
920579 35 24612280
920579 8 2936379
920579 28 29077989
920579 4 17649643
920579 30 22072302
920579 7 1564371
920579 13 6986542
920579 34 9123278
920579 39 34757257
920579 41 34549181
920579 10 1626804
920579 11 3901822
920579 16 20661757
920579 6 24023337
920579 20 8401221
920579 31 19409620
920579 18 20267115
920778 2 21867091
920778 4 3998514
920778 11 4321599
920847 18 13996573
920847 9 4056581
920847 13 10816795
920847 33 25174046
920847 37 4582833
920847 7 4357652
920847 24 20161274
920847 34 15632119
920847 23 35520651
920847 35 9407962
920847 36 8226900
920847 3 18117359
920847 27 22167340
920847 30 16645955
920847 6 56940
920847 12 1965071
920847 28 16259690
920884 1 3266685
920901 4 2720310
920922 9 16914815
920922 10 30366060
920922 3 22907702
920922 5 21177656
921037 3 22368953
921038 79 34761140
921038 139 34407065
921038 156 19785136
921038 6 10299751
921038 86 35685327
921049 156 8057270
921038 13 12538283
921038 122 1101843
921040 11 36700614
921038 102 7351488
921038 124 30705341
921107 149 3821611
921040 4 22580683
921107 152 30229370
921039 22 13903991
921107 161 20326035
921038 9 31964938
921038 168 22672823
921039 171 36329584
921039 135 23554218
921039 9 33480689
921107 77 15864882
921049 169 23597814
921039 45 25890824
921039 178 26431228
921040 12 21528043
921039 174 552539
921039 106 19933709
921040 119 1636275
921049 91 23798923
921039 43 22880734
921040 59 23891869
921040 91 35737433
921040 147 5224161
921040 67 29230197
921040 158 33125213
921049 62 23134381
921040 82 15062076
921049 162 26634808
921049 167 24146071
921049 68 35653046
921049 38 5313564
921107 158 25812622
921107 46 7092706
921107 24 27470242
921107 190 29415588
921152 2 19399406
921172 0 1567591
921172 2 35879237
921221 5 8894891
921221 0 22078830
921221 2 25426311
921244 9 968409
921244 17 12638890
921244 14 6473143
921244 19 417181
921244 20 8513903
921244 40 17135177
921244 3 25754892
921244 29 32986900
921244 7 32619368
921244 22 13067982
921244 13 29409426
921244 23 15308850
921244 30 31987766
921244 12 32521599
921244 8 701134
921244 24 6771705
921244 26 36187381
921244 1 14542882
921244 27 28343280
921244 18 13139408
921244 41 9105159
921247 27 35921062
921247 61 26992339
921247 28 29533254
921247 45 24829031
921247 12 5467641
921247 43 9499046
921247 9 7674437
921247 15 35870809
921247 48 34905730
921247 52 31067585
921325 5 21282857
921325 24 25541970
921325 17 23917868
921325 28 14263474
921363 0 29004497
921363 4 31812318
921363 5 22705734
921404 0 5975870
921404 24 36805771
921497 8 762517
921497 10 26431493
921497 3 12672166
921497 6 6660027
921533 0 19511646
921533 2 30345553
921533 15 22001976
921533 19 23268160
921533 6 4817064
921533 9 28795963
921533 13 15338657
921533 18 16632732
921533 3 23355767
921533 4 19355025
921644 1 27575799
921644 9 14830771
921726 8 20254597
921726 10 1849302
921774 11 11468239
921774 12 17821115
921774 32 21161858
921774 35 17182882
921784 5 12089854
921788 16 34635042
921788 19 36188159
921812 3 31856749
921812 9 10876129
921812 22 21994727
921812 24 33912821
921812 1 19927725
921812 16 20772350
921812 28 1562443
921826 6 20823967
921826 12 31789428
921812 6 11284127
921812 21 11090090
921812 29 35813117
921812 26 31304460
921812 27 9842999
921812 17 3625253
921812 31 27988977
921812 4 8450132
921812 13 1455045
921812 0 13516962
921812 19 2693309
921812 32 9195262
924646 18 13797155
924646 42 2626559
921887 13 34351488
921887 4 29278821
921887 5 33304689
921949 3 3305418
921991 63 18598276
921991 82 29114695
921991 88 30039867
921991 22 27019725
921991 40 29657027
921991 80 29174059
921991 32 31709792
921991 34 25088021
921991 73 29557076
921991 15 18892494
921991 37 31266686
921991 3 24164824
921991 9 34986647
921991 23 8424933
921991 51 16198964
921991 58 1632785
921991 10 11012453
921991 74 30015599
921991 5 18862534
921991 30 26880799
921991 83 19011177
921991 31 19772579
921991 47 4276106
921991 78 31855169
921991 44 20209045
922039 5 16078266
922039 15 15109553
921991 4 16194346
921991 35 30325152
921991 81 17058746
921991 79 18643452
921991 36 35325350
921991 85 7270790
921991 86 1430156
921991 25 17141428
921991 53 4574809
921991 57 18091852
922002 17 35783599
922002 25 36619676
922021 0 7761246
922021 1 18262186
922022 0 16575832
922028 1 26481694
922028 4 1855275
922032 0 18444338
922032 1 24664898
922034 4 20330608
922039 12 29658146
922039 10 24175738
922039 16 19600336
922039 7 27059289
922039 8 2820829
922050 7 14319098
922050 3 26475117
922050 4 24103199
922057 1 18401828
922057 5 3927744
922078 0 8216223
922078 3 28910608
922078 4 12199205
922109 1 34968644
922109 8 19860162
922109 10 20255483
922112 1 12752131
922112 6 5347773
922114 0 34063332
922114 1 21620614
922114 2 27341027
922160 2 31430421
922160 5 21776428
922160 12 26872808
922160 3 2318027
922160 16 10263315
922160 23 4911583
922160 15 18761297
922160 22 17928923
922160 4 15547089
922160 7 22940904
922164 15 22387730
922164 44 2064658
922180 1 26059246
922180 3 26926155
922238 2 26409861
922239 0 13164204
922314 1 29572944
922338 1 23322138
922423 2 22670409
922532 1 6543168
922532 2 22019864
922683 17 16409215
922683 18 34036658
922587 0 287149
922587 6 36118870
922619 0 31721036
922619 1 7829784
922683 4 34367179
922683 11 54156
922683 33 772691
922683 7 8964716
922683 49 26451080
922683 25 24237135
922683 23 1696912
922683 43 16933702
922683 12 23216145
922683 38 4988771
922683 10 29824324
922683 20 27318779
922683 32 7922093
922683 19 13823606
922683 42 35345982
922683 30 31708002
922683 44 25782736
922683 24 21473268
922683 45 36673201
922683 46 21585396
922683 5 16759355
922683 15 17334721
922683 28 17973457
922683 36 9642912
922683 9 12028350
922683 22 27353595
922683 31 36144124
922683 48 14355887
935433 22 21298769
922806 1 4248079
922806 4 4219265
922868 0 15587792
922868 2 34925290
922868 3 35477804
922887 0 19861177
922887 2 9306549
922887 4 13135644
922887 1 23959888
922887 3 34876680
922887 5 20925099
922954 10 9651673
922974 3 36409853
922974 14 10950835
922974 17 279729
922974 20 29474666
922974 8 19866764
922974 23 882268
922974 13 14554206
922974 15 22533148
922974 22 11410164
922974 25 14002254
922974 10 1577166
922974 21 26260520
922974 16 30456596
922974 26 2737630
923027 2 12341664
923027 12 28252330
923027 7 11869965
923027 13 20597649
923027 3 5619256
923027 4 23986845
923027 11 6517905
923027 0 16360839
923027 5 18869432
923030 2 13335132
923031 25 23891871
923094 14 31796905
923094 18 26609017
923153 1 9220209
923212 8 35712732
923212 14 27354474
923256 1 19140097
923256 2 951699
923256 3 33510313
923256 4 2235090
923277 1 11590592
923277 6 9866874
923310 3 11195475
923310 4 35153039
923358 0 4110332
923358 1 20493392
923358 4 30838155
923375 3 12316404
923375 4 26849369
923375 5 16573299
923375 0 16686477
923403 2 15810196
923403 5 29080662
923435 1 28131432
923475 10 19795805
923475 13 9863116
924001 0 7188917
924001 6 33311598
924843 0 35970314
924843 3 24764479
924843 4 8389642
924843 6 21006676
924843 7 30832584
923475 4 6633592
923569 0 31505532
923569 1 16205390
932992 0 26950890
923660 11 23747806
923661 5 32498234
923661 11 29561868
923688 0 33269783
923688 2 6928864
923688 3 30264456
923731 4 2100717
923731 10 33239813
923769 3 17532058
923769 0 34668229
923769 5 30147150
923972 4 31019811
923972 25 8243629
923842 1 28887908
923972 1 27693380
923972 12 30386657
923972 20 16785736
923972 22 36406159
923972 16 29091572
923972 17 24335308
923972 23 11941640
923972 3 15511148
923972 10 7456066
923972 0 22697113
923972 13 17637939
923972 21 20920504
923972 29 2693377
923972 5 35091131
923972 7 35668789
924001 7 13971567
924001 8 10944523
924001 10 8918029
924009 0 33878177
924009 5 30093862
924053 1 31134033
924053 5 22369257
924350 0 22454802
924350 5 33149976
924350 2 24243591
924350 4 16734533
924350 6 35295388
924408 0 4325039
924408 1 7144668
924408 3 704058
924433 16 22541483
924433 36 20387662
924433 3 8235160
924433 6 3001270
924433 40 24013818
924433 11 26109734
924433 33 31356583
924433 15 8972188
924433 29 19385199
924433 26 33821358
924433 34 11092366
924433 38 14665968
924433 22 26982578
924433 41 24292605
924433 39 481685
924433 42 23892703
924433 28 31499361
924433 43 27580722
924433 0 3612543
924433 13 28028023
924433 10 15427661
924433 21 23697749
924433 20 30463919
924433 32 34501331
924448 0 16747534
924448 1 25189917
925992 1 5603589
924843 1 35406516
924843 5 32624424
924646 46 30157189
924665 44 32100059
924665 49 36039687
924665 10 17839097
924665 62 19547625
924780 1 27760050
924780 4 5583839
924780 5 33042747
924781 20 36166022
924781 41 16566863
924781 29 28795364
924781 68 26958700
924781 9 35104587
924781 49 32631939
924866 9 10947210
925041 10 6030472
925042 8 30150080
925042 9 5578522
925042 7 22744992
925042 5 19394218
925042 6 12013788
925087 20 21225871
925087 23 14730934
925087 12 1068113
925087 13 12657451
925097 43 25764132
925097 3 15548739
925097 29 25570808
925097 31 19999695
925097 40 15261362
925097 47 13425060
925097 24 10408685
925097 55 17701864
925097 28 14720385
925097 36 19271461
925154 4 9144885
925097 11 26552882
925097 18 9374963
925097 51 31245843
925097 5 34668988
925097 14 34493584
925097 4 20527857
925097 50 16960150
925097 10 124030
925097 23 7987317
925097 8 12729072
925097 38 23048848
925097 42 26035320
925097 48 24007663
925097 15 5188567
925097 52 17252860
925097 13 27056981
925097 33 2600962
925097 27 7345674
925097 49 32595539
925097 6 8410547
925097 35 15577761
925097 9 19306088
925149 0 10375228
925149 2 27644061
925149 3 17362992
925222 3 24073960
925222 9 17371879
925222 11 28833494
925222 15 31599820
925222 4 1042587
925222 7 13377739
925222 10 8115691
925222 12 27976373
925222 13 25621344
925222 14 14210314
925222 23 9600892
925293 42 10660711
925296 12 20187621
925304 86 27587897
925304 89 14658767
925311 5 21091656
925311 45 10581534
925311 19 16720662
925311 70 23689513
925311 7 28748188
925311 22 19771479
925313 10 36484705
925333 0 9025587
925333 5 10249757
926229 0 15075131
926657 1 17005828
926657 6 18364990
925361 2 35262298
925361 16 27077098
925361 7 2104947
925361 11 32227569
925368 0 23167335
925368 5 30317664
925368 6 8286119
925578 17 17074726
925578 21 34030187
925578 30 6737450
925578 36 33898061
925578 6 28932278
925578 13 27595490
925578 4 25686696
925578 39 20117959
925578 33 33204925
925578 34 5797286
925578 1 29974718
925578 35 27223171
925578 38 11027468
925578 19 29077413
925578 27 35376437
925578 10 8963754
925578 20 4121860
925578 14 34497456
925578 29 18536478
925578 37 35348279
925578 0 14134075
925578 3 26128129
925578 15 18095779
925578 22 14227026
925578 11 1487632
925578 16 27629270
925578 7 3277818
925578 41 16770184
925591 0 9619577
925591 3 15427859
925673 12 31528344
925673 37 12066403
925673 11 8753493
925673 29 16435696
925673 31 16410685
925769 1 10581228
925769 2 14784167
925769 5 29160199
925769 0 7893962
925769 4 27179794
925804 1 25993584
925804 23 36495039
925804 27 8888299
925804 13 24336623
925804 20 2967006
925804 24 26977613
925804 3 17003185
925804 14 21301304
925804 7 29598452
925804 16 34468450
925804 26 1990243
925804 0 27302601
925804 12 28028854
925804 11 17785972
925804 19 4104350
925872 1 9999908
925872 3 24631884
960750 1 14096752
925889 17 6054457
925889 22 26648775
925890 13 29214845
925913 6 4481322
925913 9 32374889
925913 5 23130656
925913 8 8259948
925913 1 29742775
925913 2 23494453
925942 11 5286477
925942 25 5308484
925942 1 26784911
925942 5 19746888
925942 20 8873699
925942 10 944329
925942 12 28418289
925942 15 29713972
925942 17 12111047
925942 26 15138879
925942 27 10627148
925942 6 17251605
925942 18 1075315
925942 22 9076088
925942 3 6271287
925942 2 29366951
925942 16 14675003
925942 24 2325504
925962 1 565578
925962 2 29678839
925962 3 21424253
925963 2 4194826
925963 4 29805473
925987 0 4353352
925987 2 15622609
926127 3 6179738
926136 0 18766601
926136 1 31870929
926174 1 19182653
926174 2 30286345
926201 0 23275927
926201 4 30526829
926230 1 22375813
926230 5 35993296
926235 40 7655374
926384 11 24844305
926384 15 2832907
926384 3 35569575
926384 14 1013390
926384 25 368790
926384 4 28824227
926384 22 26888852
926384 8 20669623
926384 9 17638961
926384 1 19132308
926384 13 14857486
926384 10 32882228
926384 21 33530533
926384 12 7253247
926497 0 29428983
926497 6 2868957
926640 10 13325572
926640 11 25992664
926640 1 6991054
926640 17 29953545
926640 6 33316397
926651 0 27792151
926724 1 32979454
926724 0 21063430
926724 5 24074634
926741 7 36088761
926809 0 12791840
926809 1 16499713
926809 2 29367977
926909 7 33489942
926909 13 24420762
926963 3 22272067
926963 30 25241226
926963 10 33879042
926963 26 28578229
926963 16 2589459
926963 23 12327638
926963 31 30665081
926963 35 29715705
926963 14 6270328
926963 15 12715736
926963 32 32415265
927003 3 35750485
927003 9 7314471
927311 9 32017729
927311 38 609781
927154 0 5948317
927154 2 31087803
927154 3 21476905
927187 9 23611101
927187 22 16044897
927229 8 4244758
927311 48 27125553
927229 1 29449940
927229 6 2013299
927229 13 4748928
927438 5 4361627
927438 6 31508323
927438 7 13598026
927525 5 33593460
927250 1 32008669
927311 7 4750038
927311 18 21716980
927311 104 28930502
927311 67 25795096
927311 89 28662189
927311 98 35896553
959459 28 5918464
959459 93 14958388
927311 14 14212179
927311 17 32380753
927311 75 31018393
927311 88 35411985
927311 65 18604287
927311 82 24369858
927311 22 21574490
927311 45 17269555
927311 28 19135131
927311 42 2872171
927311 10 33247735
927311 21 4520353
927311 32 1248180
927311 81 13079583
927311 11 11360050
927311 29 20941333
927311 43 14844087
927311 25 9784104
927311 47 26500555
927311 105 16758765
927311 27 23010320
927321 36 5188233
927321 37 28627919
927321 42 17927426
927321 6 17732641
927321 24 27871491
927321 2 1302592
927321 29 33922976
927321 30 1680944
927321 35 6725394
927321 41 26041597
927321 20 19411983
927321 43 24441625
927321 4 23263702
927321 12 12423635
927321 11 18704417
927321 21 30868058
927321 27 31739555
927321 34 21121119
927321 17 5736393
927321 18 12692717
927582 4 9720768
927610 4 28681810
927610 11 11234414
927665 19 32199719
927665 21 32544971
927665 9 26749050
927665 30 24567989
927665 13 17309201
927665 22 29593585
927665 27 6403087
927665 34 13783461
927665 4 16385302
927665 28 29889988
927665 15 9051565
927665 18 5832175
927665 0 30315159
927665 7 23865878
927665 24 1117808
927665 40 21938956
927665 26 13730321
927665 32 16399561
927665 8 27246977
927665 41 8941748
927665 38 5045675
927665 3 1383556
927773 0 21196944
927775 42 6118711
927775 68 1469162
927775 74 26025866
927775 71 19195436
927775 84 30760413
927775 25 8461472
927775 64 29002058
927775 57 28938525
927775 69 2345809
927775 21 12141119
927775 63 30939836
927888 3 5440410
927888 21 16805074
929920 1 11731313
927956 7 788975
927956 43 26755840
927956 89 34582722
927991 5 137950
927991 4 13063320
928006 2 24205922
928077 11 471198
928077 37 1434319
928077 46 32085201
928128 16 27814669
928128 31 15878344
928128 49 36234813
928128 7 17619089
928128 53 14199690
928128 0 28026276
928128 44 8358441
928128 54 8326578
928128 10 15014949
928128 11 22756423
928128 36 14132516
928128 8 1281221
928128 55 18096137
928128 39 22320646
928128 35 15680625
928128 24 9383701
928128 30 21017193
928128 45 29654466
928128 12 9557458
928128 1 31023009
928128 23 12375852
928128 6 19805680
928128 20 1535401
928128 60 16217442
928128 4 11998119
928128 9 8835471
928128 2 29016911
928128 52 35839099
928128 32 16401775
928128 43 4416515
928128 57 18108329
928128 58 28779783
928162 31 948029
928162 40 27529892
928190 6 6156781
928190 7 12597582
928207 1 3924345
928207 2 3338303
928302 0 24526581
928303 1 11350201
928303 2 19811231
928328 65 18298979
928353 121 13229322
928421 2 26742008
928444 35 723363
928444 13 5172644
928444 23 24853615
928474 33 36810832
928474 41 11281902
928474 51 34249598
928474 2 26121095
928474 34 25675798
928474 10 5989911
928474 50 35626049
928474 15 28172349
928474 21 23259740
928474 53 9974841
928474 25 31635929
928474 28 18038145
928474 54 20273696
928474 4 22783674
928474 31 3220772
928474 3 25656143
928474 19 22812844
928474 48 31557250
928474 0 31220156
928474 14 30699122
928474 42 28834558
928474 7 36403500
928474 18 28881264
928474 12 29277826
928474 24 28946248
928474 9 5054359
928474 29 4907128
928474 32 10128060
928474 6 20776075
928474 8 11507496
928474 22 25130000
928474 40 13116767
928548 2 2013419
928645 1 12820186
928673 23 15914210
928673 140 29461090
928673 36 5066834
928673 38 18688294
928782 0 11128728
928844 2 27117059
928844 4 16208204
928832 5 21741532
928915 0 33588168
928915 1 22987570
928961 1 20842125
928966 91 16380916
928987 0 11232280
929003 4 35748437
929003 0 8307629
929003 8 17647785
929003 9 33920903
929838 0 22754166
929838 8 26727147
929838 10 2567735
929838 11 29765747
929838 12 19926176
930507 7 3072856
930507 8 33652213
930507 12 13402554
930507 13 8115784
930911 1 16596614
930911 4 32017897
930911 6 6814867
929003 3 31135024
929003 11 34155612
929153 4 11903693
929201 16 35786387
929201 27 8531542
929201 4 12747792
929201 11 12513078
929201 13 34466737
929201 33 28244039
929201 37 2872173
929307 0 11400469
929307 1 34752913
929307 2 25592387
929307 3 31755303
929307 4 20891996
929308 15 9386043
929308 21 33469142
929308 30 21318867
929308 2 6028020
929308 28 30179858
929308 5 20721024
929308 14 19140481
929308 33 17575634
929308 23 2474869
929308 29 14017631
929308 31 5550483
929308 12 12386149
929308 13 22647225
929308 17 21675958
929308 32 24561794
929388 2 30796993
929388 8 31575318
929388 17 7702252
929388 4 12132631
929441 1 21084911
929442 13 15276540
929442 12 29452352
929442 14 27909920
929507 12 21907988
929507 17 11559368
929507 7 140632
929507 8 16703070
929525 3 24018658
929525 7 11243972
929596 0 32721935
929596 2 7851241
929596 5 1626944
929596 4 17557333
929597 4 13892436
929597 7 14004369
929637 2 34592993
929637 5 13637115
929727 2 31034141
929727 3 17386462
929730 1 11914209
929733 0 5301920
929733 3 24954470
929733 1 3675030
929743 13 36803864
929743 27 22158623
929743 6 18414593
929743 7 22877825
929796 0 4726572
929743 2 14593026
929743 5 33039894
929780 2 35189398
929780 13 9260478
929785 3 19629926
929797 1 21454836
929797 5 1315197
929797 7 28216122
929798 0 27236990
929798 6 31512391
929802 44 29841815
929802 110 9504531
929802 120 211204
929809 34 26361578
929809 38 18542401
929809 1 21404849
929809 56 18083092
929809 5 3758072
929809 33 22501190
929809 39 31267043
929809 16 13363645
929809 26 25632920
929809 14 33196693
929809 21 11918784
929809 52 22344102
929809 2 11271251
929809 27 258212
929809 30 18658050
929809 41 3383111
929809 9 33957882
929809 24 21195520
929809 46 30248463
929809 57 14628903
929809 20 35418509
929809 35 26214905
929809 42 22157372
929809 10 36056181
929809 3 33827176
929809 8 8453991
929809 7 3404380
929809 22 4414072
929809 44 5584183
929809 55 3144405
929809 15 14282727
929809 17 7972969
929809 28 14367695
929809 25 14608203
929809 29 34927452
929809 50 7222642
929827 6 29228161
929827 10 21995606
929827 4 6069882
929827 9 7920798
929827 15 35827362
929828 0 33766482
929828 2 26748973
929828 18 2577272
929828 12 20446859
929828 7 6984767
929828 8 2648974
929831 18 2271452
929831 46 34017772
929831 23 14005793
929831 54 29796626
929838 2 24295746
932145 94 19284771
959459 91 34147312
930033 7 22165550
930033 2 17690871
930033 5 24807571
930082 0 663601
930128 14 33888195
930128 15 14099723
930128 8 11259614
930128 22 20735061
930128 25 10807746
930128 0 23004400
930128 19 34164670
930128 5 16716040
930128 21 15204394
930128 2 9643300
930128 12 1402201
930128 17 28775669
930156 9 21186114
930237 3 1079639
930326 10 14376956
930326 12 27570209
930484 5 29412401
930507 9 8880057
932145 17 25617147
932145 88 18231058
932145 124 21207846
930507 1 910574
930507 11 4248133
930911 2 27722005
930542 0 21353795
930642 29 31276036
930642 36 34728828
930642 61 1941838
930642 5 35196802
930642 37 34860331
930642 40 26943061
930642 12 35254704
930642 28 17396695
930642 26 34171689
930642 63 6868828
930642 4 35966330
930642 54 29567931
930642 11 20132178
930642 50 18631256
930642 1 35404056
930642 24 36022446
930642 21 34751684
930642 34 6464571
930642 41 32266046
930642 57 2448141
930642 49 21118773
930642 20 26906234
930642 60 16208354
930642 32 33905156
930642 58 11124049
930642 17 30122235
930642 10 20943468
930642 45 10952014
930642 25 19055298
930642 33 18765654
930642 6 14627651
930642 42 21276788
930642 43 4867996
930642 19 16836196
930642 46 8646397
930642 59 10209889
930642 2 29708058
930642 31 4721585
930642 39 20752943
930642 8 31751244
930969 6 25499621
930969 42 3807956
930799 3 33210906
930895 10 26531842
930925 2 20274572
930925 1 36568333
930925 4 18786188
930951 0 24798530
930951 9 16409348
930951 8 23678386
930951 13 17000706
930969 30 15954943
932145 101 23433374
930969 9 33386454
930969 49 8188989
930969 20 23140398
930969 33 10980927
930969 14 844802
930969 39 13873747
930999 5 35476270
930999 8 21675359
930999 12 4338840
930999 13 3071835
930999 15 25512068
931258 2 29982169
931258 8 10591563
931258 6 6880188
931669 39 25045492
931258 5 19055307
931258 9 35521238
931258 11 31667045
931258 10 25000255
931258 13 28595151
931258 19 30332106
931259 0 18398292
931259 1 7867970
931259 2 7996841
931260 0 25038694
931260 2 18242186
931260 3 32640052
931263 20 16442739
931263 28 18921104
931263 38 18335878
931263 8 22352157
931308 2 31145202
931308 11 39798
931320 0 30990154
931320 4 614637
931320 5 25798589
931574 0 24258109
931687 3 19113446
931848 0 5017604
931848 5 14212594
932067 0 19644778
932067 4 11423318
932501 0 20423587
932501 11 34964736
932766 2 35633870
932766 5 18033300
932766 7 34128946
931353 5 27587853
931353 7 31284397
931353 8 20132434
931505 1 27592194
931505 5 33809213
932152 23 36435584
931562 9 21184643
931612 4 5459047
931614 17 9760070
931614 33 17319596
931621 2 33778757
931621 10 6138330
931669 32 18580207
931669 50 13342267
931669 7 14804348
931669 26 12738240
931669 14 35569126
931669 18 32233273
931669 61 10270784
931669 11 6130326
931669 31 13506963
931669 57 1914442
931669 23 30333046
931669 48 22645021
931669 8 29619366
931669 1 1545075
931669 25 12826407
931669 62 15968750
931669 27 31684582
931669 47 11983307
931669 0 27643303
931669 9 33215971
931669 52 4698490
931669 22 5722276
931669 29 30663547
931669 33 3730500
931669 58 6094171
931669 20 29448990
931669 35 26083345
931669 44 20399061
931669 41 7289091
931669 54 18860073
931669 6 16661628
931669 21 3868969
931736 3 28720412
931801 3 4931312
932145 36 11967396
932145 85 25530206
932004 20 22808654
932004 13 35906296
932004 22 5537685
932004 34 19933141
932004 6 3911131
932004 18 12598051
932004 28 30178671
932004 32 6352646
932004 4 31244800
932004 0 531202
932004 3 34966748
932004 12 18626340
932004 14 19038942
932004 25 35260279
932004 26 9441491
932004 27 19115529
932004 8 13807690
932004 21 6769174
932004 1 28865433
932004 2 9233396
932004 24 10183641
932027 0 10770697
932027 3 20264752
932027 1 14704821
932101 8 27685309
932101 9 14825745
932140 10 12486329
932140 12 2164028
932145 78 35899498
932145 13 20544753
932145 25 10004456
932145 24 7132503
932145 54 27418470
932145 20 32224895
932145 18 16992061
932145 69 5785150
932145 113 8176
932145 120 23600493
932145 27 20327829
932145 51 6396602
932145 14 27426307
932145 28 17980869
932145 40 8595923
932145 59 16817613
932145 105 730194
932145 8 29285175
932145 68 10084287
932145 58 27769975
932145 107 8720143
932145 45 13272236
932145 66 8360571
932145 80 22130765
932145 122 13384396
932145 89 35455721
932145 91 15700604
932152 11 23847491
932152 35 4860958
932152 72 23596050
932501 3 16231106
932501 7 10648675
937481 0 10160042
932145 64 9644959
932145 104 7930822
932152 25 25851205
932152 87 28584611
932152 66 3549741
932152 82 23184379
932175 5 13353112
932175 7 6355727
932152 67 13524920
932152 18 35006365
932152 46 33772218
932152 34 13554485
932152 52 8262091
932152 28 31453739
932152 45 24300438
932152 77 22148318
932153 6 4361431
932175 30 36458714
932175 31 26886249
932179 0 29088488
932179 8 22465176
932224 1 22044010
932248 7 862832
932248 15 25051642
932248 1 4074381
932248 13 35193646
932248 2 6843355
932248 11 7693562
932248 19 15850544
932248 0 24626779
932248 4 34305812
932263 5 2172755
932263 7 19144740
932314 2 19383423
932314 12 20889950
932314 53 3309320
932320 37 21348321
932341 22 34820581
932365 1 7977207
932442 7 13680565
932442 8 33277080
932442 9 35140215
932442 14 173420
932442 10 781057
932442 11 25753564
932442 2 23039476
932442 6 5556868
932442 0 30369256
932442 12 25697061
932442 16 8580372
932488 9 13638285
932488 11 18350443
932488 7 34469942
932488 10 4908692
932488 15 12745100
932501 2 4877079
932501 8 21516180
938080 9 11233371
932579 2 8652721
932579 10 16919168
932579 11 15689589
932639 9 18866368
932639 13 8281533
932715 5 23148221
932715 7 15699353
934313 1 12131511
934313 2 7185599
934313 4 5664065
934313 6 6925202
934313 12 9218771
932715 2 1057866
932715 3 6813368
932715 6 32927213
932766 3 16669856
932766 0 14710495
932789 6 3947946
932789 13 25853718
932824 2 14673098
932824 8 35965756
933010 0 19120129
933010 4 6009028
934541 0 6081717
934541 4 2789752
934541 5 12669772
935026 2 12351898
935026 7 34428078
936150 7 11681762
936888 0 1373667
936888 8 17852367
933283 6 32343421
933303 1 16287977
933359 2 20563605
933361 0 36042375
933361 7 19107455
933361 3 17312088
933361 5 31050748
933390 3 20819672
933390 4 15600736
933408 8 23034625
933511 4 3254440
933673 2 1035512
933673 5 35445788
933811 1 12530202
933811 11 9059625
933881 7 3939512
933883 0 5452740
933883 1 34819654
933903 2 8197917
934111 5 3729115
934111 13 26046694
934111 0 36547616
934111 9 12891699
934111 1 10302276
934111 12 4279862
934111 3 35738575
934111 7 21461204
934313 3 4939093
934313 5 3944792
934313 9 16384477
934408 1 35807191
934408 3 18503469
934498 4 20805993
934498 8 3786908
934498 2 34149488
934498 6 3899857
934498 0 8785246
934498 7 4082921
934512 41 23258096
934512 28 34467785
934512 40 10506964
934512 0 30335782
934512 2 34600656
934512 14 22938516
934512 36 34909275
934512 35 35363996
934512 29 5612618
934512 31 8539493
934512 37 12141625
934512 42 20853875
934512 11 22472811
934512 12 15737584
934512 13 12722
934512 15 8010994
934512 30 27798102
934639 13 31954768
934639 15 31299003
934639 10 29239086
934639 8 1132385
934639 17 25299436
934639 12 8985833
934705 3 21533943
934738 0 28783409
934738 1 24835176
934738 2 3825558
934749 3 29867396
934749 4 34447015
934749 29 2843693
934749 45 2951621
934752 1 13316766
934752 2 24919533
934752 3 15535089
934759 0 17073970
934776 2 25667196
934776 4 33434148
934778 3 9399314
934778 4 34474415
934786 5 15328846
934845 4 27897992
934845 16 2548433
934850 25 1074304
934920 0 19461110
934920 2 27532774
934921 3 32920110
934921 7 17464363
934942 30 15274451
934942 36 11263105
934942 13 35964049
934942 23 5820873
934942 35 22411274
934942 0 10083974
934942 40 10716645
934942 44 33054652
934942 19 6833756
934942 1 24495025
934942 3 35326399
934942 26 2663618
934942 38 34299006
934942 12 1941792
934942 28 12470678
934942 41 13681225
934942 17 14020582
934942 31 12186477
934942 33 20918746
934942 11 25895742
934942 16 25234261
934942 9 32626235
934942 27 21033002
934942 29 8532344
934942 10 26719203
934942 14 4417008
934942 20 22887228
934942 43 10948228
934948 9 6932686
934970 9 32585128
934973 93 23495634
935487 6 25841058
935031 158 18869739
935323 6 35904810
935323 19 3223288
935323 8 19326111
935323 14 34596195
935323 1 14123463
935323 9 4859496
963375 0 10495362
935431 0 35250906
935431 2 29262144
935534 6 3142680
935534 18 20814540
935571 0 23197381
935571 1 3007570
935571 2 4823277
935571 3 26851573
935615 42 5415920
935615 49 27961850
935615 43 14087232
935615 20 24205626
935615 31 22790926
935615 2 28276180
935615 13 32101116
935615 38 23473792
935615 12 28295726
935615 58 19074938
935615 7 24449888
935615 14 6594112
935615 35 17527337
935615 46 22942748
935615 48 10884133
935615 4 14049565
935615 24 36177080
935615 15 6976415
935615 26 15766668
935615 28 10679494
935615 39 11789529
935615 9 11830489
935615 10 27879070
935615 21 5256749
935615 23 32839464
935615 45 15539875
935615 41 32478631
935615 8 34476057
935615 52 30435008
935615 53 5982798
936047 4 29192776
936047 6 4340456
936159 0 13093647
936425 7 35259341
936429 1 33250881
936429 14 22398212
936495 4 24834620
936501 18 11667937
936514 0 3989388
936514 1 17759964
936577 0 2468182
936623 5 12932609
936623 7 23450982
936623 27 14619691
936623 41 1493117
936623 11 16743147
936623 21 19553160
936623 54 12469616
936623 19 1203778
936623 1 30250815
936623 30 33523026
936623 6 35489285
936623 14 25192248
936623 53 10868593
936623 59 9983702
936623 61 24941221
936623 48 29396259
936623 57 4428260
936623 10 30908896
936623 20 22713335
936623 62 34323931
936623 63 17423052
936623 13 24413032
936623 24 20161433
936623 38 26587795
936623 4 26108210
936623 44 8550960
936623 25 12040111
936623 37 7980990
936623 58 7413051
936623 40 26651260
936623 47 24375516
936728 6 9607781
936728 12 5311877
936728 13 29168838
936728 0 36521583
936728 11 31735431
936728 5 5338360
936728 8 28675748
936728 9 1265891
936728 10 34722104
936746 5 10196200
936746 13 33060286
936746 2 8290918
936746 3 25603336
936781 4 21413929
936806 72 36441640
936829 8 28748336
936848 14 31097618
936848 1 16789813
936848 3 15320773
936848 23 4387344
936848 13 2087285
936848 24 327348
936848 25 34849120
936848 7 11386908
936848 20 15611357
936848 11 19552464
936848 21 33650997
936848 0 2153471
936848 22 13303744
936848 4 35185378
936848 8 9635154
936848 9 30595144
936848 15 3519744
936848 19 30375999
936858 14 3784938
936888 6 31566155
936888 7 36609358
936901 5 3574002
936901 7 16803738
937045 2 20389545
937045 3 35178651
937157 8 12742886
937181 3 1389511
937190 13 11551135
937190 14 36572462
937218 2 27326004
937218 8 36453434
937218 1 30003152
937218 3 5608484
937218 4 35974551
937246 8 23602623
937246 6 33292614
937246 7 33162917
937246 17 6913108
937246 14 14453336
937246 4 23237730
937246 9 4840835
937280 1 10142589
937280 4 3224465
939312 21 8329002
939312 29 29419851
937300 2 27319891
937300 14 12062174
937461 3 35382993
937461 12 23976556
937558 4 6412204
937577 3 19249225
937653 2 34572800
937653 7 28816634
937669 0 16915698
937698 0 22627596
937698 4 6584385
937829 17 25684786
937698 5 26697650
937698 9 30469482
937698 10 7277331
937698 1 4694537
937698 11 13580387
937698 3 32010087
937723 0 7629631
937723 7 12010876
937759 2 23744456
937776 13 5415310
937776 16 17069043
937785 5 34564101
937793 2 29439668
937793 10 3324388
937829 31 31669542
937829 35 26607550
937829 6 29231667
937829 4 5321915
937829 34 18435871
937829 22 22518059
937829 26 17923686
937829 3 31796986
937829 13 23791137
937829 38 24011099
937829 7 6410326
937829 40 9120338
937829 16 25533313
937829 42 30760488
937829 0 11507048
937829 1 22136833
937829 29 28101816
937829 11 13617243
937829 15 1900609
937829 18 827994
937829 44 27949814
937833 0 3692293
937833 2 29368342
937963 2 8693817
937963 4 21405674
937972 0 14003797
937972 2 17642992
938026 0 2533945
938026 6 4355383
938026 7 25967266
938026 8 2709214
938486 0 11158543
938486 3 34388273
938487 2 28799340
938487 3 3461275
938488 0 6917172
938488 5 31513253
939645 3 22915332
938031 2 786874
938124 5 8698626
938216 5 3649452
967545 5 6155648
967545 9 23361163
1039094 33 36246039
938235 11 33778723
938235 15 19922747
938235 31 10596152
938235 18 1489171
938235 33 24283304
938235 30 23576653
938235 14 33049323
938235 0 7185308
938235 3 25867504
938235 7 1696460
938235 9 18368177
938235 34 34587204
938235 25 17942997
938235 26 21254924
938235 13 34124014
938235 32 3194864
938241 4 1721039
938241 15 22203731
938264 0 34587459
938264 6 30609371
938303 2 14131281
938305 19 3391346
938306 15 6864700
938313 0 6010592
938323 3 19138985
938540 20 925522
938540 50 17084196
938540 15 18489354
938540 41 31458862
938360 2 17007838
938360 3 2780683
938386 1 31738312
938386 6 1240039
938387 1 8933852
938425 6 146011
938425 7 7428662
938540 17 21993101
938540 26 10054582
938540 52 29535161
938435 0 24771307
938435 4 25779858
938435 11 30384779
938435 13 17627468
938435 1 32106150
938435 9 33545133
938435 3 25137016
938435 18 11333767
938435 5 17653455
938435 10 22560060
938435 20 15253498
938435 2 13818599
938435 12 30748683
938479 2 6217127
938479 3 15426219
938480 1 26746224
938488 6 34526583
938491 8 12854886
938491 35 14980073
938493 25 18784737
938493 12 315460
938493 53 8486911
938497 26 7864821
938497 83 1883303
938497 61 21463834
938497 1 4114726
938497 32 19852474
938507 23 10363826
938507 42 17039771
938511 74 1237437
938511 96 36169277
938511 19 10868870
938511 63 27135898
938511 57 30119891
938511 145 18640664
938511 49 6259510
938511 69 28890292
3662147 32 13585403
938511 15 15279488
938512 0 2509417
938512 2 12937640
938513 2 30580197
938513 5 19393070
938515 1 21036785
938515 2 11876451
938515 4 7734740
938521 3 16781105
938521 1 31977977
938521 4 8476817
938521 6 5601341
938540 10 19722239
938540 39 17140127
938521 0 23986086
938526 2 23673251
938526 3 8244791
938526 4 3961863
938532 0 33652934
938532 1 6003771
938537 1 18248060
938537 6 12420124
938537 0 15716341
938537 2 7830892
938537 4 12890101
938540 0 1180462
938540 47 18097899
938540 32 9776754
938540 49 26786476
938540 38 28940860
938540 3 10068825
938540 5 17712469
938540 19 6120599
938540 16 15050975
938540 45 33124716
938540 51 17383298
938540 24 7069627
938540 42 23015550
938540 2 25587779
938540 40 34994688
938540 4 22621551
938540 28 28280903
938540 33 3465296
938540 29 9018625
938540 14 18479155
938540 18 34948216
938540 22 30264421
938547 0 35392861
938547 1 4347887
938568 1 31010654
938568 2 4229224
938582 7 5564024
939164 2 19085096
939164 8 4945830
938582 2 19522944
938582 3 2992289
938608 8 9970187
938608 9 260871
938608 10 17752891
938608 1 29086597
938608 3 31610881
938612 2 10073350
938612 5 10203905
938612 0 25144928
938612 4 34284650
938620 2 23541487
938620 3 34359175
938625 0 825591
938625 1 25223513
938652 0 2802422
938652 1 11879916
938656 1 34427875
938671 5 17159371
938671 7 20912537
938716 9 13136782
939645 6 26464356
939645 19 2791490
938716 28 16386804
938716 31 33577763
938716 19 23394837
938716 5 21546505
938716 23 22844534
938814 6 23483278
938814 8 14837633
938823 0 35135641
938823 1 30547570
938823 2 12698967
938932 6 7608133
938932 17 23550337
938932 21 3347458
939008 0 11075165
939030 1 9833154
939042 0 30278884
939042 3 24744162
939164 3 36734757
939164 7 23068236
939152 0 10136926
939152 4 8273598
939153 1 18155545
939154 2 30434303
939170 1 13296698
939170 7 20410975
939170 9 11986764
939171 3 5193334
939171 1 29140205
939171 4 2918206
939171 7 2725463
939171 8 29765084
939171 6 2303573
939171 9 2659589
939183 0 21936723
939183 2 28814001
939201 10 23336919
939206 0 16855003
939206 1 36574912
939212 0 30336379
939212 2 12913667
939221 0 10201539
939221 1 2544677
939222 3 14036970
939231 0 12107255
939231 2 1347718
939280 1 13359814
939280 2 16068236
939280 4 29942103
939280 3 9213736
939281 2 5144406
939281 3 8251421
939281 1 14558301
939311 1 20952828
939312 13 23868298
939312 27 30976833
939314 5 34426795
939315 14 31419672
939315 16 27303977
939315 13 325756
939315 17 28884910
939315 8 1833201
939315 5 9450846
939315 15 10143914
939340 1 24127137
939392 0 9358176
939392 2 1652575
939392 3 3248447
939395 40 30093994
939461 40 4899178
939395 48 11037352
939476 7 32412337
939476 11 35523305
939477 3 19171621
939603 19 36067809
939645 21 14276831
942146 7 2207595
939645 11 5091963
939645 13 23471666
939645 14 24191368
939645 20 8026323
939645 22 13084102
939781 1 21097975
939781 6 1440423
1144369 12 218640
939645 5 8705237
939645 16 20436675
939645 1 31191870
939645 17 2194113
939781 2 29662858
939781 7 25084509
940513 0 7744343
940513 4 524058
940513 10 6312596
940513 24 6528170
940514 7 5876835
940514 27 9187037
940640 28 30017901
961327 26 28396345
961327 133 21705861
2280204 66 18465319
2280204 183 15659219
940183 0 13902637
940309 8 29090374
940309 20 26431578
940309 6 5551689
940309 25 27487141
940309 4 33318076
940309 14 10278989
940309 37 36049965
940309 22 23331069
940309 21 13573141
940309 41 10835786
940309 5 20016625
940309 11 11642902
940309 3 14669839
940309 23 3294073
940309 33 29648253
940309 1 36552281
940309 12 16750623
940309 32 34948367
940309 36 16273290
940444 0 7260551
940444 1 22837641
940444 2 16371047
940518 1 34195847
940518 12 7985067
940518 0 16176475
940518 9 21769792
940518 10 10034295
940518 11 1916934
941329 1 20697492
941329 5 427646
941329 8 23237684
941540 2 28977894
941540 5 5272129
949758 5 9317849
949758 9 4920672
1144369 5 4235760
1144369 14 22354849
940592 0 33021598
940592 3 3613066
1010471 1 30254840
1010471 4 18354158
940611 0 36343487
940611 1 17724158
940611 3 2762622
940866 3 8799546
940866 2 4027311
940944 4 12331888
940944 5 31554498
940944 6 26412010
940981 0 10595352
941037 39 20910131
941037 6 11967483
941037 42 36799472
941425 5 6676603
941736 7 31464485
941736 18 6039301
941540 1 36256390
941595 11 19605074
941595 13 24276970
941595 21 1615201
941595 9 33577545
941595 5 35642629
941595 23 9596511
941595 16 29741618
941595 14 13240985
941595 20 1212299
941735 0 4199021
941735 29 28468028
941744 1 28754748
941744 2 6118599
941744 3 29878886
941800 2 4212274
941894 0 6009237
941901 3 12613730
941901 6 30139527
941901 7 34432974
942016 21 26232750
942016 49 28391326
942016 13 866333
942018 42 4883662
942091 12 19140705
943910 5 33664241
944250 1 24517567
944250 5 29735766
944250 6 11536990
944392 0 4389050
944392 6 14569630
944392 7 36569346
944392 9 13622914
942113 7 35927496
942113 13 7641137
942113 0 10917769
942113 3 27871792
942213 2 20921031
942747 2 11917097
942824 1 3076513
943566 3 12971424
943566 17 5684103
943626 31 165376
943626 42 3042821
943664 1 36263969
943664 2 21752971
943710 46 15644779
943850 1 11972887
943850 3 17560976
943850 2 3340516
943850 5 10098833
943924 2 33188154
943924 3 680844
944080 2 25440942
944177 12 3008584
944177 14 18051788
944177 3 35205710
944177 4 4342234
944177 8 33322180
944294 3 1671669
944367 8 14072837
944388 1 15563392
944457 1 7438833
944483 0 34431140
944483 2 16524007
944483 3 26554596
944483 4 1958494
944483 6 14257088
944483 7 29780692
944510 21 15574577
944560 4 32230901
944694 0 26089454
944694 3 23143091
944694 4 10173796
944805 1 13699059
944805 4 8279769
944805 0 10571478
944805 8 9704864
944805 3 22022149
944805 7 22905594
944805 9 183323
944805 2 1148048
944805 5 29341153
944807 0 3431873
944843 6 30182250
944898 3 11251783
944915 7 12680317
944931 5 20314904
945001 6 27504115
945001 13 27372509
945049 7 974451
945049 2 24095863
3662149 31 23219407
945188 0 21869602
945188 1 17504193
945224 0 8439074
945224 1 10784114
945238 0 23212907
945238 1 24216547
945239 1 17508253
945250 3 29558793
945250 6 29739379
945270 0 28877884
945295 0 14133583
945295 1 10658535
1042997 0 26991080
945364 0 14174438
945364 6 8216678
945569 1 1524894
945569 2 35091694
945569 3 23846545
945569 6 21745799
945802 1 11708241
945850 22 16161127
945850 28 23768157
945850 11 4852102
945850 16 11290800
945850 8 6318013
945850 17 28672317
945850 26 1728302
945850 29 19096159
945850 12 31801774
945850 42 21760360
945850 5 1704231
945850 0 36499448
945850 2 27366623
945850 41 24005275
945850 4 17837729
945850 36 16950889
945850 1 17641212
945850 18 2902901
945850 30 32781961
945850 43 6340157
945850 3 15221528
946116 6 25715339
946170 0 35806403
946170 1 8126958
946170 2 8672269
946170 4 10185963
946170 15 2589558
946170 17 20649672
946228 52 16497184
946276 4 3122327
946276 42 33862485
946276 3 7199228
946276 27 5224698
946276 17 3471089
946276 39 18603802
946276 56 18380931
946276 0 2618794
946276 52 31384472
946276 54 22312035
946276 11 3288060
946276 65 18478946
946276 37 28191149
946276 49 27700828
946276 33 34199123
946276 50 1791094
946276 66 9099279
946276 2 98050
946276 14 8389886
946276 21 10626510
946276 20 974751
946276 38 21801135
946276 13 2891709
946276 22 5635139
946276 26 36037276
946276 43 33546117
946276 7 16852798
946276 23 19709657
946276 67 15159160
946276 9 21748933
946276 34 8998454
946276 40 13667018
946276 31 17635659
946276 32 14711136
946276 5 32982936
946276 45 1918590
946276 19 787579
946276 61 21568149
946276 36 16778771
946276 55 14898848
946276 51 3801686
946276 58 11884676
946276 6 10560729
946276 28 24129273
946276 68 35259650
946276 47 9078066
946301 1 18174831
946301 3 35828606
946301 5 14129123
946301 2 5045471
946301 6 7203815
946334 9 36459112
946334 16 12035528
946334 5 30225365
946334 7 24472464
946479 1 23962860
946491 5 26666021
946491 8 23195199
946491 11 30287893
946950 14 16772857
946950 23 7277583
946950 4 5990592
946950 20 28850581
946950 21 20857083
946950 10 3929526
946950 11 16475887
946950 15 29578002
946950 16 528518
946950 28 11034898
955134 17 7007296
955134 19 22105542
947061 30 25021570
947061 52 33059113
947061 57 22771866
947346 1 5861898
947060 4 26398065
947060 17 31663281
947060 15 31204424
947061 1 11816950
947061 15 1136466
947061 18 11757329
947061 26 36141529
947061 60 29251941
947061 8 24289145
947061 28 4177342
947061 48 7049557
947062 0 12800563
947062 3 28214679
947091 17 17861716
947091 88 25252154
947093 1 4904432
947346 3 7192852
947405 9 3379893
947498 7 6310442
947590 28 36628520
947590 24 35196610
947590 25 11745415
947590 10 815412
947590 13 36458862
947590 3 28352330
947590 9 5807583
947821 6 7574390
947895 0 4243459
947895 1 9794378
948042 19 4366153
948042 22 29142749
948042 14 1246580
948042 20 16628459
948254 34 25502657
948258 7 25088203
948279 0 32217709
948279 1 17479695
948279 2 6427150
948301 0 11982051
948301 1 13069169
948339 1 26489964
948359 1 34022141
948448 0 25298372
948448 1 34717612
948449 2 21443238
948462 3 25688653
948462 8 12018406
949140 1 9432351
949140 6 16010030
949140 7 1768085
949277 0 19918867
949277 6 26685827
949277 9 14602687
949277 10 24915280
949758 3 29900190
948655 4 13334770
948701 0 2996188
948701 9 33271033
948701 46 34597731
948785 0 25308100
948785 3 32391479
948785 4 6558318
948786 1 2704970
948786 4 35302037
948813 7 32930603
948813 15 8814813
948813 6 28831528
948813 12 34871186
948839 2 12003130
948967 7 30172270
948992 1 21512053
948992 4 25319481
948992 7 26154339
948992 9 30657928
949030 0 10444867
949030 3 15361248
949058 3 34021514
949155 5 27084680
949224 3 9802027
949224 24 5889243
949277 5 2871461
949277 7 24237883
2280204 54 33944576
949295 0 20472017
949368 2 20523414
949402 27 18689290
949402 34 22184997
949402 13 12217746
949717 6 22665570
949759 4 3383946
949759 6 27811123
949760 1 23850425
949884 23 10237973
949884 25 30647894
949884 34 1156376
949977 0 11383161
949977 1 30884290
949977 2 2441759
950073 16 21013554
950208 2 34051806
950233 10 10382520
950311 8 30180999
950323 136 27966029
950377 12 25707766
950624 1 24544972
950632 1 30206973
1177435 1 3724792
951236 6 6460609
951827 6 6868334
952962 1 1831673
952962 8 19921943
952962 13 9758495
954475 4 17952278
951344 1 28528217
951344 2 213153
951379 0 25488273
951379 1 9005731
951625 18 33411701
951625 32 9156696
951625 23 24003459
952155 34 29210452
952962 4 32981866
952962 10 5900273
958855 23 21660886
952962 6 22166378
952962 9 12818313
953138 4 19289384
953138 9 3670384
953138 1 9782561
953138 8 18376775
953471 2 23309701
953525 0 33098211
953525 6 22757854
953748 4 26941139
953525 5 5856496
953670 2 29441846
953670 3 9056745
953670 5 21000421
953670 8 1162633
953748 0 18056383
953670 9 19869865
953670 0 3027162
953854 9 452284
953875 10 2132103
953923 1 8786746
954043 3 35984560
953933 21 18323483
953942 0 13027584
953942 1 12810993
2394243 0 10524058
954060 9 32502100
954173 5 16298741
954276 1 2508708
954395 8 21418376
954395 9 17898229
954791 5 16051874
958856 42 1673195
958856 66 635631
958856 70 4837421
954981 1 16818694
954981 5 20335753
954982 0 21775580
954982 12 30883047
955009 0 16927571
955009 3 20655301
955088 12 16742494
955088 20 8690346
955091 4 32385721
955134 5 34926602
956202 0 16482603
956202 1 18465833
956298 17 32555947
956556 0 30987498
956556 12 295336
956780 0 8010227
964083 0 29951105
964083 2 16913478
956816 60 19354660
961229 4 1297999
961229 7 27823396
956817 7 18765652
956817 10 21259237
957090 10 7347955
956838 9 33418345
956838 7 22340418
956838 10 2191312
959459 67 29146495
957100 7 6296263
957100 13 33255065
957100 4 18022526
957100 18 18331456
957308 14 34986447
957496 1 12455265
957795 4 3385466
957795 5 30857800
957795 7 3636103
957795 3 3582200
957829 0 89762
957884 8 28302563
957884 12 1191965
957884 24 30472450
957884 32 7505875
957931 2 127378
957931 3 30599181
957931 6 23578324
967277 9 5183424
1388313 1139 8658725
958384 0 18704885
958384 2 11094261
958828 15 32665581
958828 43 10967992
958874 1 34317250
959003 2 20166569
959003 4 26799955
959071 1 4097039
960616 2 27121793
960616 7 34741973
960750 5 30618602
960912 0 20455073
960912 6 19186728
960914 7 27963111
960914 9 34664431
960919 0 2869626
960919 1 29791444
960971 0 2411812
960973 1 27484160
960973 6 7387535
961247 1 32155108
978364 0 34926977
961327 130 7527310
961413 16 32520628
961413 10 33090
961413 2 4148819
961864 2 19444207
961885 0 8875834
961885 1 16244504
961886 4 31581651
962086 1 24742881
962086 3 13259200
962339 1 35420251
962339 2 12584754
962339 4 32817391
962339 6 27128627
1389255 0 18334855
962897 0 14331635
962897 3 16719197
962897 1 27259048
962897 5 11182483
963235 83 22856258
1383128 3 22700567
963375 6 8752930
963375 3 6402612
964292 1 22769297
964292 3 35538393
964292 4 5818759
964566 5 23621498
964638 1 14031037
965069 1 22794796
965069 5 9125432
965312 0 4737817
965312 7 25632411
965312 1 10166046
965312 2 1457017
965312 6 2894198
965556 30 18588216
965719 90 29539903
966285 38 3916220
966798 1 19538477
966909 39 9170983
967545 0 15191822
967545 10 33617523
968242 1 18563775
968242 3 12147416
968727 0 8874418
968727 1 4749495
969366 1 992868
969366 2 7464820
969979 5 13727593
969979 7 3144955
971755 0 34389875
971755 1 27249654
972126 14 13696839
972126 10 27831795
972126 9 17122870
972126 13 34766206
1745373 3 3503085
972930 1 36793880
1045063 1 9404185
973437 1 3359892
973437 2 10507596
973437 4 14947629
973678 0 8616199
973678 1 16111304
974286 0 6810781
974286 2 35080011
975443 23 19681202
976511 0 3494594
976511 5 16680509
977198 1 18973274
977533 0 2367687
977611 14 35943806
977611 26 23225103
977611 0 28624647
977611 33 31831050
977611 15 22956213
977611 34 24922630
977611 19 28701880
977611 29 11498699
977611 17 22322729
977611 27 12824193
977611 3 25011602
977665 0 10439199
977665 36 11933677
977665 8 1518509
977665 30 15108536
977665 1 30319867
977665 34 20965897
977665 12 4007452
977665 22 17638734
977665 32 35221179
977864 6 23632104
977864 40 8147103
977864 17 12928619
3770608 0 16703611
978083 0 1264494
978083 1 15439385
978726 0 36185476
978726 2 10547776
979212 14 22339389
979212 99 36150142
979212 79 8324026
979212 60 35597911
979374 7 4945158
979374 8 24583388
979374 11 35900532
979675 14 23881708
979675 25 32976637
979675 30 12458928
980123 3 23158692
980414 16 26139657
980414 25 16720541
980635 3 25981539
981269 0 14672094
982797 2 4765638
982797 10 3570996
982935 0 4424448
982935 8 3663464
982935 11 12637875
982935 4 28362503
982935 9 14647182
982935 12 15966426
983442 4 24319880
984451 6 5419715
984451 8 18530156
984451 9 16616989
984938 1 6348091
984938 6 7733833
984938 8 31175691
984986 13 20084729
985147 3 14339931
985147 7 25122404
985238 13 33604841
986534 6 33894284
986534 12 24967367
986534 1 3004809
986534 9 29187551
988076 8 31292396
988076 15 5729104
988546 21 6003557
988546 18 18816352
988546 24 2693121
989214 0 33367411
989214 1 32508628
990288 17 9495280
992079 0 22672738
992079 10 29756077
992194 9 25101172
992194 19 36179342
992573 17 11367662
993355 3 12108588
993368 1 12883254
993419 1 23736854
993419 2 8051851
993590 1 32854708
993590 2 33650446
994647 4 8636784
994647 9 31244497
994647 7 2437009
994647 8 26033853
996520 1 8650347
997493 0 13317664
997493 4 5617826
997493 1 18888899
997493 3 974133
997787 1 25300645
997787 2 36114938
997868 2 3606833
997868 5 2715885
999407 11 4488152
999407 6 12044746
1000035 1 34171898
1000035 3 16535166
1001806 2 28546651
1010178 11 25735982
1002467 0 16701834
1002566 2 4250817
1002566 8 4653652
1002566 9 4513037
1003013 2 21293164
1003013 3 24708599
1003632 49 2713722
1003632 51 36749312
1003632 42 24181208
1004596 4 3614885
1007150 15 32582107
1007150 23 28582895
1007150 30 4572017
1008038 0 22509121
1008059 9 26744794
1008059 19 17409980
1010471 2 12532667
1011325 3 13441280
1011325 6 34969218
1014793 2 8906448
1014793 4 21837194
1014793 5 23219704
1014794 4 28501150
1014794 7 24729670
1015509 0 12448012
1015509 3 11549091
1015590 1 23543276
1015590 2 20488611
1015683 3 11467785
1015683 5 9794183
1015683 6 15376347
1017202 3 35309784
1020227 7 4966861
1021269 31 486600
1021269 65 22380820
1021269 110 5266054
1021269 143 4205065
1021269 165 29897531
1021269 92 19653340
1021269 59 30561312
1021269 96 8436396
1021269 2 35004889
1021269 103 20360362
1021269 69 1962245
1021269 99 13022132
1021287 57 28252836
1021287 90 14835091
1021939 0 26090340
1021939 2 11043151
1021939 5 16588885
1023193 0 24246638
1023206 1 27509037
1024762 3 6101724
1026008 3 31574684
1026008 7 34421873
1026008 8 2847176
1026573 55 14654078
1027019 4 852166
1028888 5 18277257
1029295 1 14937355
1029295 3 6333731
1029915 6 17210003
1031354 18 6133671
1031420 2 22951602
1032029 2 928224
1032029 0 25705475
1032029 3 16742914
1032029 14 10366405
1032029 1 8233422
1032029 8 28859582
1034214 4 1583952
1034214 7 24436829
1034290 0 6082487
1034290 1 35741182
1038187 0 6933260
1038187 1 34502768
1039770 0 12750869
1039770 1 2462781
1040729 13 4946540
1042049 1 4326457
1042049 2 34436764
1042269 27 6313375
1042269 13 30780075
1042269 19 32614335
1042388 9 26679028
1042388 21 10229677
1042388 34 10949627
1042389 11 31013296
1042531 29 2068313
1042531 45 25215262
1043947 2 6239997
1045067 2 14315245
1046109 13 5147296
1046109 10 15457221
1047509 5 32532285
1047509 8 30078723
1047697 3 32870426
1047697 5 35258786
1048454 3 19232144
1048933 0 33010832
1048933 4 1730641
1048933 5 10721031
1051019 45 10906223
1051019 68 26305063
1054713 0 8926364
1054713 1 22895442
1054713 3 2837037
1054713 4 4160437
1055196 2 29763268
1055196 5 12138986
1055196 6 13621375
1056104 3 36518034
1056104 4 33803291
1056402 2 14050457
1056402 10 288501
1056402 14 35415193
1056402 16 17667326
1056402 0 23221467
1056402 4 8987514
1056402 7 1465943
1056402 13 2785336
1056993 5 25575142
1056993 10 34168105
1057063 13 19935154
1057537 3 35405897
1057537 4 28010134
1060340 1 23461726
1060561 4 33412999
1062174 73 30977370
1062780 24 24425809
1065257 2 23540262
1065544 2 2395187
1065544 4 24584886
1084751 6 4978472
1096975 0 6885187
1098355 1 21900921
1098355 3 10450240
1100431 1 12652314
1104224 2 10192263
1106514 0 22785439
1114310 0 2763652
1114310 3 19866838
1116727 3 23752664
1116727 4 22118231
1124618 0 28165451
1124618 1 14028005
1124714 1 28971003
1124714 9 12555264
1721792 0 22294139
1721792 2 2954284
1130431 2 36683566
1130431 8 33420065
1130431 5 22839860
1130431 6 18761396
1133143 3 29557875
1133143 4 14934441
1134057 6 9912615
1134891 5 9970887
1134891 3 24743939
1134891 6 4022743
1141592 0 6049164
1141592 4 14852276
1142797 2 22338149
1143222 20 5153475
1143222 24 26605261
1144369 13 12849360
1144369 16 20202222
1146892 1 7406849
1151081 39 17981641
1151372 0 3214745
1151540 1 16191937
1151540 17 61633
1152012 3 4033601
1152012 10 12850538
1152012 15 11740369
1152274 7 23464627
1152280 3 16837833
1153604 9 18437189
1159596 19 2900956
1163778 2 5757561
1164410 18 23859480
1170161 0 30191581
1174926 2 782629
1176535 2 1044196
1181033 1 25227374
1181033 3 13208569
1183595 1 2460276
1183595 7 24748961
1184763 0 36243666
6200411 0 14442931
1189489 6 30550160
1189489 0 16675814
1195495 2 30308394
1195495 17 28625768
1195554 2 35091017
1196572 1 25468903
1202496 23 28536051
1202496 27 11538874
1205763 0 22525904
1205763 6 630087
1205763 12 33263069
1214670 113 27924999
1214670 112 35578440
1214670 129 2230718
1214670 117 35486393
1223672 0 35919787
1223672 5 31595084
1253432 25 11398577
1231478 19 14952728
1231964 0 29122638
1231964 2 10011721
1234376 0 19390663
1234445 5 15893245
1234445 8 9216181
1234445 9 16689920
1235536 1 35439791
1250145 1 11210833
1250193 44 13941540
1250193 60 32643355
1250193 10 13404641
1252194 0 25434569
1267185 0 36872283
1272966 0 34557844
1272966 4 20167440
1272966 8 2085008
1275319 3 12751149
1276439 2 28034743
1278857 1 32156328
1278857 4 31611343
1562169 0 24889492
1562169 1 10453489
1281132 2 612775
1281132 4 21405820
1287262 41 34040360
1289932 9 28027876
1292925 1 15319273
1303410 3 24957481
1303410 8 9683294
1303410 4 18846181
1310556 18 13489887
1310556 24 26298849
1310899 0 4617256
1310899 10 36234949
1312554 2 27028688
1319746 0 17079139
1319746 1 26574304
1321568 0 17404521
1321568 2 23119037
1321568 3 9214690
1321568 7 4537803
1324085 8 17358632
1330304 12 423517
1330304 16 14790568
1330304 17 7590061
1330304 20 22097875
1360212 3 14451153
1360212 7 25787844
1369228 8 897801
1370063 1 2639396
1375381 2 24293198
1375381 4 4361780
1388301 209 28559744
1388301 243 15102537
1388301 68 4573788
1388301 549 23875381
1388313 0 12751859
1388301 352 3363555
1388313 1173 5695490
1388301 5 11643486
1388301 285 20460438
1388301 257 10266986
1388301 288 20403038
1388301 556 9705326
1388313 579 26854013
1388301 36 21266949
1388301 342 6186405
1388301 446 20933952
1388301 420 20089058
1388301 78 21793950
1388301 233 26732586
1388301 66 2259908
1388301 170 18593316
1388313 58 7732779
1388313 1125 17261224
1388301 24 776703
1388301 278 11407426
1388301 399 26781550
1388301 266 27366728
1388301 40 5357330
1388301 174 31682089
1388301 208 16603432
1388301 79 18259015
1388301 358 26774532
1388301 272 31033036
1388313 442 27721527
1388301 328 4385479
1388313 104 5137986
1388301 97 33437138
1388301 71 12958536
1394342 1 21401467
1394342 3 12948497
1399600 27 14777904
1403496 3 18800982
1403496 7 15870270
1407533 0 16501846
1407533 1 17475483
1432746 0 5051646
1432746 6 35156073
1432980 12 13944791
1436769 26 17230875
1436769 24 1083284
1436769 29 4637129
1449709 2 4462612
1449709 3 11697772
1460812 4 35422716
1468958 4 23116806
1478000 1 3865431
1478000 7 20066059
1478537 4 22179326
1478537 7 9810231
1480558 8 35361791
1486682 1 6619080
1486682 3 29000518
1499289 2 6788158
1499289 3 4365760
1503697 37 9061633
1510470 0 25260945
1510470 1 29680316
1510883 0 26529338
1519788 5 31537319
1519788 6 21821884
1531185 2 30669406
1531185 4 19410987
1531185 5 10512945
1531185 6 17273559
1534630 2 27419664
1540710 132 34854302
1545163 2 15671030
1550368 0 8677792
1550368 1 10444543
1566424 2 30396625
1573439 1 11561109
1585576 14 13128314
1589648 0 15634881
1589648 1 24804310
1602543 13 35365439
1605980 14 12745229
1605980 12 17752831
1605980 19 20401268
1605980 23 8319487
1605980 28 8349509
1605980 1 533418
1605980 17 30961775
1605980 27 9782241
1617703 0 11085314
1617703 1 18877459
1662735 1 4924923
1662735 2 35693478
1671568 1 34361057
1671568 4 31890278
1671568 5 6955325
1676848 1 32178482
1676848 2 21505677
1721795 24 30441961
1721795 31 35450879
1729471 1 5046524
1769125 1 5021076
1783906 3 27523744
1783906 10 35819413
1784792 9 21604755
1806047 1 28532990
1806047 3 374587
1811417 0 16498723
1811417 5 7977815
1813494 10 20687245
1846769 1 6483917
1846769 2 31028098
1846769 4 10315660
1894585 53 8791852
1902384 2 35679479
1953403 255 25051985
1953403 267 267112
1976567 2 18803127
2006637 72 14842194
2006637 132 25463637
2015394 0 21163279
2044275 3 6403934
2045857 0 24265934
2045857 3 6006443
2053417 0 13741650
2053417 1 12417226
2073969 10 7776469
2077511 1 12459075
2093926 0 30958931
2093926 1 12142161
2131773 3 24884835
2131773 4 24746913
2134736 0 902835
2204017 0 21180154
2216374 2 15887174
2216374 4 3673112
2216374 3 2793876
2264795 1 18620634
2301240 1 26507722
2301240 17 11961771
2308763 0 27644691
2308763 8 35749582
2311624 0 21731274
2311624 1 14633939
2348323 0 19234405
2348323 2 12184555
2373037 108 27794783
2373037 30 19335057
2373037 13 28659242
2373037 150 22232702
2373037 66 12158467
2373037 12 35535744
2373037 23 25866764
2373037 140 35045348
2373037 138 6631193
2373037 149 21489024
2373037 59 1852049
2373037 145 36680000
2373037 81 7967299
2373037 17 24100483
2373037 139 24817316
2373037 134 31191207
2386711 4 15585133
2416237 0 12095810
2449177 0 28434118
2456992 39 22622654
2456992 20 20658448
2533512 6 23837693
2538046 63 2329912
2628294 1 26951389
2628294 7 27285993
2639178 34 1366151
2713570 0 12073953
2737922 11 7632251
2742350 0 21547810
3137500 0 18233776
3138269 0 22610979
3138269 2 25424122
3299060 14 14609844
3299060 17 34292922
3336356 1 32135369
3471239 4 7504360
3507163 5 29217812
3662226 112 30803723
3662226 27 30823402
3761779 0 18126765
3761854 1 33545513
3762013 4 27174493
3762256 2 11564346
3762654 10 20592214
3765361 1 33854967
3765463 5 4638182
3765608 0 10823009
3765617 2 24206890
3765648 0 19099841
3765945 20 6567704
3774178 2 4305103
3774359 11 15374518
3774616 9 9372262
3870843 0 6973236
4027194 2 28631364
4027194 4 8473953
4466522 0 24691573
4627201 0 13445015
4903905 2 24267228
5362323 2 10849582
6313812 9 752945
6748976 0 14509182
6748976 4 8827549
