890843 890923 0,3323612 8,32962982
891026 891062 3,23518101 10,22553873
891025 891140 0,33684936 1,30414106 2,31636913
891012 891374 0,20831415 2,5579580 3,29701897 4,34841119 5,23692697 6,27935040 7,868609 8,7019595 9,8584603 10,2679784
891275 891375 3,14402503 5,21889586
891257 892286 7,29157943 34,8537923 36,12612369
891257 892904 28,4683262 43,8823407 64,21917952
891560 892122 9,35073168 14,18483085
891906 892904 42,20636671 79,29531125
891504 902085 81,32022574 173,35841750
891504 905661 1,8120498 2,5238184
891768 962231 16,26433124 63,29923379
891540 892351 3,12883400 8,31882657 9,1389129
891540 892558 2,16463296 10,32591271
891540 892714 5,16581898 10,13189870
891540 892876 1,29469008 7,14341644
892153 892283 68,25258961 88,23616435 103,6529706
892153 1225475 11,18598273 119,23033727
892202 892887 4,10827140 39,1362660
892202 893317 3,18095152 4,33807281
892202 894426 27,34367482 58,375516 81,31170371
892202 894516 1,35741920 5,17770340
892202 895544 25,17871698 113,35260981
892202 896255 5,31333165 7,4560409
892202 896796 53,36346227 71,20300912
892202 902486 61,7293664 119,19880207
891819 892286 9,9325578 38,5244914
892178 892286 3,3144306 40,15810839 45,6998009 46,20024287
891292 892286 26,130192 29,17758846 32,7274181
891972 892286 6,36448797 44,17926462
892233 892351 1,21900611 6,23098955 11,26249704
892233 892527 0,18791696 2,35809057
892233 892558 5,23024701 7,24777306
892233 903291 1,29394054 9,23897775
892233 941887 14,530117 36,22637597
892122 892411 2,34965730 5,16283224
892122 893158 4,23051697 24,7225251
892357 892551 7,6018236 12,3190177
892582 892833 0,24264443 6,32846514 8,7393700 9,27588340 11,5432238 13,21876725 14,36612181 15,34132439 16,11613695 18,24951659
892815 892930 3,19477931 9,3081666
892815 895418 2,2725506 7,1589125
892815 897053 1,32561755 4,12746709
892815 902767 2,1258065 5,21802706
892815 909086 47,20442460 56,36127300
892815 916679 34,36614591 41,25201743
892815 929963 7,35291426 33,10785889
891508 892957 1,10415605 6,7447253 7,31884604
891508 895546 2,11688528 74,26897305
891508 906211 4,26005574 23,36250910
891508 917315 11,19528567 14,17805526
891508 927144 10,19580415 66,12067273
891508 958168 0,30442967 3,30429862
892904 892996 0,15456006 7,27584311
892904 895530 32,29140264 65,20653429
892904 895980 1,33687181 5,31165465
892904 989050 1,21911690 16,21342803
892940 893068 8,32625989 10,22062941
892411 893158 0,11685486 22,33449262 23,26708920
892830 893329 4,34988749 7,29733921
892594 893379 11,18504351 18,10880155 20,31960001
893374 893579 1,18654607 13,12585821
893536 893587 21,32188994 24,36777538
893049 893744 0,31336308 2,25523249 3,18235970
893049 896578 4,27584156 7,8017219
893210 893880 2,23900180 5,13452100 9,1500409
893797 893973 0,14269372 3,29817648
891507 894516 0,4920463 4,26423321
891507 895617 4,13778662 9,7130749
891507 896794 118,30331467 147,8529794
891507 905867 5,22971293 12,31965749
891507 905980 4,29696183 5,28531274
891507 914851 3,23715851 6,449183
894173 894643 2,14682434 3,31072152
894716 894822 21,33368583 39,25323810
892887 895094 0,29994980 4,9440714 5,33950586
893130 895240 2,26865527 5,22178818
895130 895347 1,11372263 5,10493762 6,12194833 8,26141402
894673 895347 2,36070836 7,35167103 10,29682355
894310 895347 3,31692444 9,8771961
894988 895530 9,7371950 16,5688186 77,32965039 97,26405724
894988 895540 34,9859182 71,36743570 123,32613824
894988 895980 3,5972810 6,1150729
894988 982944 55,9333355 92,15706890
895301 895458 42,26531621 52,10797745
895392 895523 0,10676009 2,25959731
894114 896105 3,13157903 16,9933509
894114 897080 3,13109733 6,10019450
892204 917315 13,31331331 17,35313975
892204 927144 37,4938064 52,15990785
892204 929963 2,30420211 38,3653883
892507 1391377 2,23034159 14,32009594
895500 895620 3,18136046 4,9307105 5,36651743
895347 895971 1,23809485 4,23661386
895773 895971 0,1947800 2,7512060 3,13213945 5,10395679 6,4439914
892756 896008 63,2073132 74,14462349
896656 896680 1,8575025 3,12449905
896590 896750 2,36170410 4,20972861
896632 896940 105,7701767 107,20969254
895934 944950 12,17443664 128,23816161
894868 897032 0,10689536 8,33077972 10,704785 13,33816369 15,14502403 16,26080960 17,12382290 18,5788841 19,7892691 20,7152637 21,20169563
890940 897034 5,26701541 45,15535115
890940 898765 11,729759 27,26850896 38,18078399 44,27532579 46,15843712 60,25852211 65,12355394 90,2291771 114,21678274
892644 898765 5,797180 33,2966069 39,16318997 59,4722174 62,18527879 73,9279758 88,11109110 99,35113234 103,6339408 107,22644119
891600 898765 8,34189492 61,12847734 68,36168939 77,14288710 85,29549506 92,29487478 98,8862549 102,15698660
895450 897034 3,21394046 53,34949708
897026 897081 0,14928528 1,36259417 2,17721320 3,7430408 4,6056715
896206 897100 0,30412296 5,26177158
892749 897250 23,20128665 41,23572543
892749 917315 1,18228053 15,36371921
892749 927144 4,9677836 54,16437310
895162 897415 4,29609761 10,19875120
892711 897517 3,24440886 37,611965
897347 897602 57,2376951 113,31230020
897481 897602 37,11095908 48,4613038
897529 897602 46,24459288 74,13794913
897182 897680 15,2096892 17,1454629
897623 897680 14,20572287 21,35899327
893141 897729 100,29985026 117,8803504
892788 897739 42,3212924 120,18694254
891722 897766 15,18009620 33,17488001
892228 897768 32,23316371 94,13030326
897376 898228 6,34832496 10,35107565
897574 898228 3,35843462 9,24607579
895731 898630 0,20747729 5,18434603 7,22761601 8,6345062 9,22936587 12,18446578 14,35692650 16,34481006 17,24229424 18,7143593
898453 898704 0,28408968 3,17893791
898479 898708 7,20813525 8,32590089 10,14222344 14,1856897
897161 898708 2,29797786 15,9760372
898482 898708 1,28294154 11,32038835
898083 898708 5,28167271 12,33149369 13,13025551
895663 898816 0,29463837 2,20351407 3,12628510
898708 898820 1,26917993 4,10003239 6,32686681
898412 898921 45,27313846 98,33409344
895971 899040 21,30620206 27,3382635
895971 900072 30,215444 42,8710051
898964 899130 17,27622008 19,20968172
898821 899145 3,24392990 6,2143211
898029 899171 0,14338532 3,28954589
898029 900032 1,5488469 5,25917727
898029 900190 11,20667018 12,26137812 17,11032118
898029 902845 42,24739257 52,17317291
898029 911949 13,25831600 17,18800666
898029 944950 28,12788403 114,670077
898029 989050 7,12808599 39,18753249
898945 899288 8,25318873 15,36212270
898977 899302 1,25282541 2,20538563
899125 899337 0,6091326 2,2287124 3,33661787
899337 899369 4,1247191 8,21331816
899337 900072 0,8428657 48,11745829
899383 899560 0,3523057 6,27972794
899338 899854 1,14357449 14,2529503
899336 899854 8,35666206 12,3813701
899341 899854 6,30075872 15,19304627
899341 900772 9,35418373 15,504737
899335 899854 5,28906556 11,14853787 16,7174104
899488 902620 2,22627416 6,8896604
899809 899894 0,12790846 1,16929628 3,13262425 4,11319731
899413 899900 4,35937169 10,10880309 12,10822973
899413 900219 0,10943341 3,28264339
899413 901061 9,14648066 26,33694180
899413 910019 0,30783520 2,1558248
899413 911599 5,16477314 12,4861113
899413 912362 0,35766731 35,30540203
899413 948967 2,33907541 9,772278
899413 989050 22,22296475 31,11205057
899830 899915 15,18151776 27,27367658 34,28266810 38,18489751
899715 899926 0,18051407 1,679933
899923 900051 2,7362744 3,382318 5,1206397 12,34645881 15,11108589
898228 903331 5,22716554 8,25671663
898228 906999 3,16503182 37,17861532
899915 900074 0,32741990 1,26879907
900008 900088 0,31942446 1,10617150
899790 900165 3,10295756 5,32305258
899914 900262 1,31450203 2,18982790
899703 900611 9,11042639 11,35549595
900300 900616 0,18787819 1,28885426 2,22323582
891067 900621 3,1004265 8,7733959
899640 900621 4,28197995 5,9674113 6,402096
900075 900623 0,22150207 4,16564374
900087 900623 2,23241029 3,3248640
900297 900623 1,13916085 6,22653484
899607 900674 2,32143857 4,20963177
900421 900686 0,25097821 1,1083713 2,29226985
899340 900772 5,29900934 11,14427524 14,20518579
899554 909082 8,36287381 25,112725 29,28270371
900559 900777 4,1682714 6,23145620
899894 900778 12,3445615 27,2080040
899797 900778 15,23944615 16,10673475 32,14162918
899879 900780 8,31153778 23,17424709
900380 900960 17,4867512 21,20429975
900773 900960 18,23503293 22,19189595 45,9169200
900914 901068 5,32659209 9,20553630 10,30524859
900914 901201 3,23268363 4,13264650
901196 901313 0,2905230 1,22753611 2,10493237 3,7215874 4,15665302
901141 901317 1,36175042 2,11389813 3,10472001
901096 901359 0,1161166 1,23138534
901068 901395 2,35596317 5,15294989 6,17645863 7,4458171 10,13590306
891115 901398 0,19187433 1,13573112 2,36866826
901271 901484 0,34528530 1,13448897
901264 901506 2,24418751 10,10741824
901264 902728 11,34380433 22,29135592
898916 901507 1,5001761 28,31624507
901542 901685 2,32751541 4,31286035 10,26460068 24,36220545 31,31240878
901594 901685 7,21734798 8,889209 20,13692080 22,7655386
895870 1078919 2,32799432 11,345770
901703 901806 0,8439276 1,3602438
901775 901827 0,32664370 1,29396480 3,4331487
901799 901963 0,13822989 1,10552502
901988 902012 4,33734508 7,16398518
898824 902111 164,26005527 175,35977469
897895 902164 2,7660323 7,27863451 10,27346740
897898 902164 3,892162 5,30633590 11,9716191
897903 902164 4,22781752 9,35279040 12,29303924
897944 902164 1,12441426 6,32214598
902226 902249 1,30816838 2,26080127
902224 902302 2,4474947 3,15198554
902275 902303 6,20305273 12,5838995
894712 902336 78,4282368 104,16359711
902300 902338 15,22710568 16,30117999
902324 902338 0,35820078 30,15119363
900115 902359 31,20433974 76,7155332
901556 902388 1,16701908 10,36571868
902352 902417 0,1008301 1,6102202
902367 902425 1,546787 3,13352149
902144 902461 50,21857236 87,35852124
902426 902468 1,26200677 2,11374603
902475 902494 2,28931000 7,3478864
902511 902569 2,26776413 3,1526745
902511 902715 43,28980910 87,23156991
902567 902602 0,1372295 1,14287088
902493 902658 17,22383713 22,29411100 26,12937229 37,5552672 41,21536894
902456 902658 5,2111244 27,13812249 35,6951016
902485 902658 1,31222256 2,23928222 9,10491291 18,12641825 33,25863896 40,9318569
897985 902679 12,18759068 19,31181153
901941 902679 1,23724479 16,5787704 31,32128789
895533 902679 13,26613178 28,15141415
897973 902679 2,19006962 10,16479914 30,558786
897601 902709 5,30497434 18,7611211
902407 902710 4,21427931 25,28319683
901403 902715 51,13538686 88,12395430
897718 902727 66,8110825 111,22327908 124,30708913
902730 902741 0,20507677 2,23420840
898352 902785 28,13852367 30,14191031
902901 902948 0,163379 1,13578979 2,17014127 4,8434248
902910 902957 0,13645221 1,22194382
901685 903032 0,29952604 3,32667599 4,9500782 5,16133087 6,22102141
901511 903041 0,30433497 4,15372203 6,8265457
902939 903041 1,15513391 3,4699577 7,6687483
902836 903072 0,21862849 1,30948334 2,10740904
903043 903151 0,11677723 1,11397270
902070 903162 53,7078408 63,2405373
903041 903176 0,17514583 1,10508235
903072 903220 0,12682218 1,7828923 2,7883351
903209 903236 0,12594504 1,33837926
903242 903266 2,1325377 4,34377850 14,16159905
903084 903267 2,17935314 11,8506085
903200 911063 3,23099050 11,23157098
903200 914893 62,23691427 76,18070347
903200 1076372 62,14429618 81,33323557
903200 2253661 198,7022227 412,2799894
894218 903422 1,30249748 8,9815529 9,8745276 12,36274859 13,27527106 16,28544614 30,2797644 34,18311847 35,30448665 42,34093637
897175 903422 3,9227610 7,11565220 10,17626709 11,6882548 17,32294062 20,12042920 21,16791790 25,16923709 28,25181820 36,22381321 39,18581043
894168 903422 5,4281573 18,15313571 22,25125386 23,7941423 26,24479074 27,10132134 29,16661737 40,9907842 43,30610711
903281 903482 2,21719598 5,25549559 6,17782659 9,6863995 10,16625206 11,33289680 12,7987056 13,12502636 14,4494481 15,34649914
902428 904100 2,10496271 4,35268719 5,35377159
899888 904177 0,17275619 3,14480336
891304 904277 1,23825605 2,31025398 3,18757104
903889 904327 0,16872543 10,19823716 13,32562500 14,9343399
895765 904327 4,9903318 5,5086670 7,30843115
891570 904327 6,6774104 8,20727137 15,11412150
903371 904477 3,11224722 37,34600675
903401 904477 27,31353867 35,73599
903271 904477 23,3512535 30,8809761
904468 904477 5,17204340 29,34893270
903805 904477 7,19566354 22,6399667
903834 904489 6,31002722 14,27429051 29,26998199
904449 904560 1,8397901 8,28191583 11,31905927
904449 1196572 0,36623787 3,36012212 4,30089381 6,23725021 7,25392462
901503 904918 0,7354512 4,2673056 5,16505683
901397 904946 0,20235720 1,24679887
901397 908365 0,32318711 4,13731031 5,26539216
905023 905110 0,17071883 1,35371109 2,8797985
903652 905388 0,9328839 1,3480559
901593 905502 1,2801040 5,13586994 7,18535405
902577 905551 13,6231143 59,32895567
903746 905551 1,23091860 20,6546730
903335 909285 17,27548767 19,2441178
904451 905556 3,14191940 12,21048243
904549 905573 36,35883611 43,30118501
904507 905573 23,6654872 52,17917005
904180 905573 40,35294626 95,3798940
903558 905573 57,220605 62,22781056
903623 905587 17,15307351 34,33837345
904803 905587 3,15931834 31,10423184
903715 905681 24,1289210 83,32093108
905660 905731 0,4674609 1,14596908
891246 905798 0,32418053 5,8498793
905323 905884 67,5900727 69,3341908
900052 906024 0,32994805 3,15183708 10,19284812
905981 906026 0,36750556 1,23944067
904221 906071 1,16079026 2,3402573 4,5241615
906203 906251 2,21645359 15,23421472 20,35108229
905631 906276 0,2974740 4,26910888
906106 906325 0,25687142 15,12548368 30,24488489
906032 906325 8,3502593 11,6010321 16,5183021
906163 906325 17,26738550 25,25362996 27,6447249
906163 909084 5,22296759 53,17608792 56,12172989
905982 909273 0,33226508 4,31419549
905982 914894 12,26711062 74,8118312 88,16452248
905982 916379 39,33978420 66,14198649 85,32510577
905982 2538048 261,28563640 277,5462950
906309 906345 0,36365701 1,19003954
906361 906405 0,19383395 1,33385954
899511 906425 0,28160992 1,1372445
906251 906526 0,8330105 4,32215820
905731 906556 0,24485483 1,34602792
906387 906924 52,24831780 53,19088235
903736 906931 1,1555118 9,34212921
906359 907021 3,9956093 8,14660577
906354 907059 12,19078548 35,19856141
906628 907059 11,17452263 30,3624366
906356 907059 4,26673508 8,27689277 13,28409342
906372 907870 4,31590323 9,35290122
907124 907162 2,28638784 5,3797407 11,14954009
907132 907187 0,29178471 1,7840725
907132 907870 6,18360593 14,30876159
907131 907211 2,33047128 5,25054145 9,34459297
907162 907211 1,25248278 4,19846501 7,3783663 10,18653311
907333 907387 0,19333441 2,30593052 4,28328155 5,9402363
907376 907419 0,9482903 1,3300852
900772 907614 17,9049011 24,1933571
900772 909086 49,15160665 75,502058
904336 909285 10,22392407 24,29932487
907422 907621 0,33394934 9,8503580 10,4468205
907602 907657 15,20289428 37,7051682
906418 907657 17,33101605 18,21506562
907632 907674 7,15510130 9,28495771 14,28400324
901871 907705 0,14856884 3,32152188 5,15891008
907710 907768 4,26972658 10,16803732
906169 907870 2,26616609 10,3254707 11,12167774 12,29832018
900405 908002 5,14292006 44,19849360
907785 908074 1,641362 2,14267088 3,1241800
905128 913092 25,21035663 63,12134819
906578 908123 125,23195429 164,10195821
907146 908141 150,19098085 172,20776419
904811 908202 2,19312720 3,5629953
907536 909285 3,34748040 9,10215240
907870 909285 14,17366749 36,18766040 39,5332332
907870 909501 0,28592432 2,21969422
907870 913403 30,15776164 55,19827539
907441 908321 10,3749588 34,2280938
906419 908552 0,4254209 1,24968519
908516 909473 3,12151511 10,29890215
907193 908593 3,10699234 5,19538596
902621 908616 0,26560573 1,32942743
901750 908636 23,28783583 25,27088669 33,16795935
901789 908636 21,4060511 27,7687506
901635 908636 18,8753915 35,20965714
902076 908636 4,22651975 14,8031407 30,26519665
901765 908636 6,11532959 24,12164107 32,4599908
901927 908638 0,34183094 1,34025897 2,26865954
906965 908851 2,34888481 3,6074415
900165 908851 1,31183679 5,20166643 8,11366070 9,10917482
904993 909077 22,30196338 62,33681507
904993 909285 40,4967384 43,2296299
909000 909083 13,26155438 21,7633357 53,25709788
909000 909084 9,20233476 36,7380901
909000 909107 6,19303476 29,6088961
908962 909086 17,22820327 36,30838817
908962 909285 20,27367937 38,9761235
908962 909501 7,35814946 16,25567834
908626 909129 71,30968962 132,10436158
904765 909285 18,31416406 31,11808547
906743 909458 20,25396062 127,2523498
909245 909473 1,11633583 9,12942766 11,9838702
906999 909501 5,36414764 8,32702341 11,29805589
900915 909513 1,19037281 2,34641002 3,17634679
901121 909836 1,6419928 7,11180857
893969 910057 0,34083260 1,21456808
908161 910060 0,2267375 1,18226937
909096 910090 0,35257466 4,3672359 5,8467784 6,8400564 7,2628718 8,28951305 9,35859787 10,15533500 11,19908241 13,33308485 15,30057987 16,7516688
906729 910259 3,35565096 4,34095485 6,25044119 10,11926556 13,33377148 25,3599722 26,28147432 38,16884365 39,24899372
910451 910495 4,34020563 6,32302095 7,32880797 19,17928542 25,18238710
909436 910516 0,24860946 3,5851030 4,11242220 5,3153974
904947 910517 0,15675911 1,5608795 2,21753957 3,22247391 4,23575469 5,35956139 6,16284067 7,33460628 8,24672973 9,8191243 10,2571079 11,35279864 12,3715212
907657 910590 1,36027976 11,519869
910496 910656 1,9363515 4,4796741 5,20786350 6,5936890 7,8375833 8,2787637
910496 911068 0,25602484 4,32645023 5,8896936
902937 910784 1,28398825 2,19006952 3,19376838
910656 910817 1,4201618 3,33410009
908452 910980 0,29083946 1,2356522
909837 911921 8,23028191 14,24364029
910817 910989 0,30228833 5,26325341
910817 911921 0,16213262 5,19833089
906344 911005 91,12722955 113,3763261
908671 911085 1,14515465 23,25621099
909834 911086 20,8484920 24,16113570 25,34112859
909012 911143 19,28720164 113,6549281
909129 911154 68,34259335 78,15187589
903165 911157 1,30387761 7,22555025 8,33289964 9,18626148 10,27598197 11,20128491 12,13219642 13,34682236 14,26332795 15,8128241 16,4543713 17,30511773 18,27603245
906284 911199 0,15051243 4,6674033
910085 911329 6,36348524 12,31541318
910955 911367 2,5296034 3,32185648
909260 911382 18,33332426 30,32968380
910577 911382 3,26142899 22,24203158
910891 911383 10,13595798 24,23060149
911313 911383 2,7276067 23,15229472
911313 911384 16,17146038 23,26025108
910138 911384 10,5880127 22,2472049
909515 911385 8,20950330 23,9274982
908717 911434 4,19556652 143,1468407
911290 911472 3,21434692 11,5422098
910729 911475 36,35648863 115,24401960
911187 911484 35,12775589 41,5392082
911380 911501 0,27989148 1,13839177 2,17083282 4,12393350
911432 911502 0,8005307 1,18571633 2,6583616 3,34234614
911573 911630 4,10699417 9,10399765 11,1396337
911615 911661 1,6997622 15,6658661
908638 911730 1,14622742 8,16894534
911652 911733 8,31653251 11,7539649 14,8461291
907672 911838 0,9943216 1,11126686 2,23688581
893903 911844 23,10274947 44,12728800 55,35253667
904918 911855 2,2581557 4,16775355
911604 911921 3,28051571 4,27720155
911745 912050 1,35613165 20,19610277
911864 912050 2,9175707 10,19431150 18,36718083 22,21466503
911944 912524 8,7744246 11,19379282
910324 912138 0,32718214 1,3632081
910980 912167 1,7808146 3,17258442
912130 912207 0,33621125 2,3155208
911987 912215 0,6122753 1,724775 2,33273732
912157 912245 0,16446685 1,14818081
912049 912369 2,6192809 3,7372532 4,10272461
912251 912448 1,7201674 3,7677168 4,14571861 5,22403001
911261 912478 8,33135801 9,32270005 11,14924479 13,6366465
911182 912478 2,24115557 4,8211474 10,34895209
912152 912490 61,10620510 133,19514945
909475 912508 150,34828636 176,32901994
912188 912524 22,16595096 30,27419343
912252 912524 7,28041058 38,26977845
912382 912524 3,20181919 15,19192243
912128 912524 24,31204151 27,13729022 28,34265546
912162 912524 5,34674195 26,6422167 40,33257693
912175 912524 31,17352881 32,29811721
912275 912524 0,31627914 42,17722907
905387 912526 0,22460753 1,31087620
912515 912675 33,13704255 42,26709253
912458 912675 15,27000392 25,23861400
912380 912681 6,29616548 8,7012212
909254 912701 5,29110994 6,2581602 8,4768476
901913 912747 0,23073773 6,20414169 7,34943006
912757 912810 74,33937793 91,35032344
912757 913403 1,21657676 6,520150
912757 914659 5,28706798 11,26336117
906893 912834 54,35743013 98,16003880
912268 912834 69,10587566 125,13647754
912410 912836 26,31233974 131,9927995
911927 912859 24,2763543 70,1730647
912375 912860 0,36367300 2,32794309
912737 912898 0,24253072 1,29228860
909422 912922 3,6237659 19,11718764
909684 912940 5,115605 54,18608972
904389 912940 13,23797813 46,35045688
912774 912964 1,26661557 13,18662722 30,15111149
912725 912964 23,2749768 36,31341056 37,11204541
912689 912964 12,16946180 15,211161
912816 912964 3,20155272 4,10700729 20,22132807
909736 912994 35,13471558 46,16661440
912749 913092 28,35172819 50,24734578
902938 913210 0,12684209 3,9764303 5,22727587
912877 913220 2,30025728 8,19191497
912877 917911 0,27981400 6,24707470 8,19337029 9,31838161 10,12966369 11,28325363 12,29582628
911949 916379 22,26924492 58,12887909 80,23069649
911949 927163 4,18252062 7,36406494
911949 980988 14,17534329 53,10939634
911949 981426 18,20478893 28,18288467
911949 2253661 107,13182551 423,17857765
913153 913374 6,24043490 7,11299121
913253 913374 5,28552570 14,11521753 18,32085974
910049 913630 0,27668057 2,20405246 3,4298004
913402 913828 0,13368732 5,12868231 8,11877914
912154 913919 49,5854678 83,36267006
912520 913983 6,2077430 13,8198584
908448 913985 0,28706757 1,6595080 2,15303020 3,4901269
913883 1388313 519,25868894 1101,33014609 1145,16782090
912734 914017 0,27402886 1,36111427 2,22831506 3,25317970 4,23991164 5,16768677 6,16202688
913886 914021 0,16763733 4,2155025 6,18491411 7,21832717 8,16103166 9,17103061 10,17964534 11,35602766 12,12805738
912559 914043 15,24616330 17,19928841
913838 914659 0,24123397 10,7167615 12,36391563
913838 922043 51,5540653 98,6660118
908616 914045 0,28622312 1,32378762
911590 914058 26,19933509 50,20794163
912277 914058 14,24034029 27,12996465
913665 914063 2,11612744 18,6058727 41,19231023
913339 914063 9,28739494 25,32388026
913749 914063 7,6978455 19,4144383 24,32297558
913670 914063 10,34300692 27,16017773 43,12842491
913999 914089 5,17973144 7,4266511 33,31590140
913787 914089 8,20426281 20,3604846 22,25444980
913941 914089 28,5847265 31,18689198
914080 914134 0,19361892 1,5496648 2,4088097
913761 914211 1,25511519 2,4352988
914157 914418 1,12887922 4,27771901
900621 914498 1,15467172 3,4612241
914399 914498 0,8679907 2,21071955 4,1270019 5,12576859
913508 914659 6,20873712 14,10824468
914583 914661 0,3364085 1,36630032
906036 3774023 1,14440492 3,14548234 5,29714476 12,4079431 22,16838444 26,28488568 28,34527954 29,8835450 30,24555043
914611 914801 0,3228750 1,22836809
913708 914821 1,15260796 136,17034586
914782 915838 1,34204564 4,27365674
914782 923084 22,30490440 65,31621111
914782 924426 0,34769254 6,14436498
914782 924612 32,2445326 41,1391925 48,5272656
914782 937330 3,6300124 46,13472246
914860 914949 0,5467816 2,11024596 3,6698236 4,5838788 5,26630167 6,32712913 7,18861831 8,30854049 9,9102904
914079 915013 10,1294039 21,1749681
914846 915013 4,16189614 14,27341874 25,11467516
914913 915046 2,22738800 7,1537940
914095 915046 0,13648202 11,21075750
913942 915048 0,19154983 5,35320077 6,23032113 7,20348012 8,30079408 9,1541317 10,1367693 11,23328980 12,8377472 13,32567332 14,3414765 15,10768381
913943 915049 0,20940706 6,21149533 7,28582586 8,24180881 9,29175049 10,32949655 11,967987 12,22193088
913955 915118 0,33777368 3,21553140 4,17489063 5,29024047 6,35325518 7,13196637 8,15453107 9,21139266 10,12903961
913482 915201 1,20305339 5,12926313 8,4004253
913421 915201 4,11092200 6,22220119 12,286371 13,31677980
903432 915219 2,2940917 8,11045287
915147 915293 0,20852413 1,1028388 4,4688822 6,11784752
912676 915302 0,35007428 2,13606018
913319 915303 16,34025522 20,28884183
915304 915478 5,15753474 7,2493584
913661 915486 68,1514421 123,34941222
914659 915518 0,24364465 7,9991263
915355 915518 2,3339109 5,35617664 6,2658743
913277 915576 0,34427191 2,13716372
915478 915578 6,30516019 10,28367335 12,2619518
915519 915583 0,25746026 4,2294102 5,23035516 9,8107078 10,5628337 11,21369845 13,15221546 16,5097509
915519 916642 18,35920039 21,29115354 37,7278364
913937 915656 29,27748373 98,7867291
914765 915740 0,34940802 2,21097379
915115 915742 5,1052543 22,3825363
914786 915742 16,27692170 39,12787596
915027 915742 27,35044969 48,29759072
896419 915744 24,19082065 52,30481894 55,15603937 57,6556343 60,12165594
915687 915795 1,16869166 4,25880250
915682 915795 0,179379 2,14033404 3,26597792 5,3675335 7,25127248
914197 915798 42,2617540 52,10445775
915737 915811 1,20480321 2,17050649
914210 915855 4,1393333 13,14495589
915293 915855 7,11604820 9,9395705
915751 915855 0,16762536 18,34168227
915755 915967 25,16266294 77,984487 92,6882063 122,11414188 137,14723017 139,1414812 147,22919061
915071 915931 2,25644226 3,12465059
906675 915947 1,18900126 6,21379804
915910 915969 4,5998397 33,32086425 41,23765585
915850 915967 30,3851892 65,35553195 72,16688072 106,30901953 133,30000763 150,21763332
915757 915967 29,28614694 134,12548634 146,22595037 160,24372686 170,23463747 178,9437474
915769 915967 17,32044236 47,15430565 71,28932948 76,30814116 84,1618681 98,26845932 140,34053327 155,10171591
915739 915967 26,10472406 55,2680857 81,3376805 85,21018329 108,12133746 153,12241625 166,15031913 176,6699912
915754 915969 18,9366260 39,9823688
915844 915967 18,17610228 132,12812945 141,17121237 149,11872191 173,8827802
915872 915967 11,28509203 53,5605023 68,7905563 86,28015575 95,18784653 135,4482744 158,7386915 174,25687905
915764 915967 20,23174240 54,18839433 70,26152495 89,8112509 144,28803245
915764 915969 12,33602379 26,20350185 28,25277221 30,7480439 43,23380300
915856 915967 15,12839995 52,896262 83,12738640 111,29671521 114,13873070 148,25902213 151,21644503
915896 915967 27,4008500 46,16942639 49,22896842 62,3793967 64,4839166 130,35752362 163,17665534
915896 915969 20,32229917 31,21936245
915869 915969 6,15695534 50,10450627
915770 915967 24,4952980 50,17761981 121,8726883 131,25295133 171,4377732
915824 915967 13,8574360 57,15096470 90,36588162 101,20642593 115,25474728 136,28895158
915741 915967 12,29859562 74,10763010 107,29705714 117,21806091 145,27860288 175,20423858
915893 915967 1,7376593 69,2381197 97,30736216 179,11545766 180,31635512
915765 915967 10,12502215 126,26676030
915935 915980 10,33697046 24,27259669
915947 916028 0,19995411 5,35358472 9,212444
916186 916366 1,8339964 4,355017 5,32994693
910905 916379 6,5877578 24,31724841
915591 916459 0,368352 1,16902043
913827 916476 0,19194261 2,20350437
916024 916525 0,34967028 2,7182729
914904 916543 17,1898225 27,17239245
916161 916583 11,31666342 36,25876046
916461 916583 23,33682600 42,8067139 43,31758470
916127 916583 39,26042109 57,18166157
916462 916583 20,34289880 44,21226258
913008 916587 8,10746068 52,5574587
916585 916638 34,8466412 47,12989346
915179 916640 29,11979803 46,1326822
915179 1047958 53,27398254 100,14193766
914521 916640 3,23305101 28,5314093 45,21499555
915488 916758 0,34239316 1,5723799 2,8230051 4,27386565
916402 916684 4,20047440 9,23020792
916498 916684 5,10993210 7,23333643
909513 916742 0,11946254 1,4633651
916701 916759 1,32524636 2,12331916
916753 916819 2,23135948 4,7337408
916078 916852 0,4833080 30,28057164
894530 916997 36,5542735 44,14219769
908314 917173 0,2411694 1,14913738
899877 917177 1,15479501 3,18679710 10,29482246
917177 917238 0,28694024 4,7808046 5,25662526
910346 917238 1,15787520 2,4443378
914327 917239 10,30195935 30,32483391
893216 917292 11,22174547 45,19494080
912603 917482 2,3742736 26,22016849 51,15865469 55,32424933 63,32366532 64,29670921 65,22633874 69,2409601 72,18038549
917238 917529 0,29278058 2,19542985 3,32654309
917399 917530 15,20761534 53,22578605
917201 917530 24,26384287 38,789955
917448 917530 2,30643266 54,15411583
917431 917530 3,5579940 23,10671003 52,7537584
917216 917530 12,22997437 14,12653672 51,31161948
917413 917530 11,14494036 25,12537783 30,21653428
917676 917726 0,26999487 1,8920682
917739 917799 5,15107603 19,21164659
917677 917860 0,22283655 2,22269362 3,15906266
915659 917911 1,32327100 5,11366389 7,35696131
917860 956053 0,20967857 1,23362027
917916 918027 3,31739778 5,34344311
917795 1217991 2,1476597 6,22866317
918179 918260 2,9753539 3,22454395 4,29400984
918120 918269 12,26268665 18,24178476
917975 918269 7,33295976 16,7549100
917980 918269 13,9333663 22,36769938
916242 918483 73,16237755 105,821880
918343 918509 65,19438075 108,22940397 162,7131658 165,3907845
918152 918505 33,3301864 173,8236719
918152 918509 46,17187377 144,26916496 180,14661486
918293 918510 17,29516309 74,8990358 81,10418228 132,14395588
918312 918509 25,24192035 146,31195528
918205 918505 113,13764944 175,9747628
918363 918510 23,27530972 112,10361574
918204 918509 19,17915610 111,32969853 171,34930988
918358 918510 54,20591121 101,25553482 179,8932853
918404 918510 42,4860999 97,11742007 133,8824039 147,34499209
918297 918509 5,6269622 126,8034234
918115 918510 32,12152820 125,9519190
918177 918509 60,36869683 176,2104634
918177 918510 43,20838384 141,20789495
916158 918509 13,129362 140,25771220
918114 918509 50,32026401 157,251148
918251 918510 12,19033780 151,31490908
918209 918510 45,16774737 98,35191139 107,14477911 127,7949286 163,34506611
918276 918510 48,17292674 80,14003084 174,29033919
918402 918509 75,3374278 114,15160524 152,16824650
918388 918509 47,7647591 141,36852771
918396 918510 18,11762773 86,2628853 142,6411476
918353 918510 52,1995571 89,4685200 128,24455176 144,20514519 154,14616104
918100 918510 51,29041658 166,4925866 176,1728376
918351 918510 47,11952827 94,6284838 105,26956415 117,6296812 156,6740059 168,25951651
918125 918510 59,3676722 88,28127054 135,34944381
918548 918636 11,15270907 37,25991561 43,25727355 83,14839168 95,14400922 116,25439802
918457 918636 3,28667610 41,5695231 61,30329590 104,19454606
918561 918636 29,15760689 64,22876428
918495 918636 20,31721636 45,25914841 55,32614033 60,29877696 87,18478431
918554 918636 15,26700630 68,31805579 69,415785 80,12405080 82,24569076 94,18261453 115,11193548
918523 918636 27,29787695 46,26398652 56,14445746 91,452937 112,893853
918497 918680 30,16433567 51,15994117
918526 918636 13,35771716 40,752112 54,15703984 103,22595590 111,11627842
918490 918680 14,8846541 46,26760657 66,6096695 67,10082305 78,5756994 81,32547225
918568 918636 5,21031510 66,30751942 106,13335005 107,6504748
918549 918680 26,32701898 80,22956440
918544 918636 23,32773536 42,36049335 52,29036056 67,24083933 81,19479915 89,9332797 108,21489874
918544 918680 21,35491929 50,11388868 55,3943408 57,19897884
918558 918636 21,22663932 76,171190 90,35953637 117,10693836 119,31724456
918500 918636 1,7166176 35,21938514 53,24396028 72,648528 75,5527651 77,6805131 79,32521085 109,3844442 113,26880046
918592 918680 12,23597516 49,31282863
918601 918680 0,35632623 44,32599999 47,30797004 56,32453767 64,817816 73,28442158 77,23675410
917025 918727 4,4720355 7,35504106
904678 918727 6,3991258 8,13176499
918498 918774 2,33935223 3,16059970
918794 918918 2,19214712 21,9709004 26,18825714
918816 918935 0,15861200 1,3665225
918978 919039 1,11854790 5,5834210 10,33320996
918485 919045 27,23928695 36,6452323
918699 919045 28,4984875 31,23576964
918748 919045 0,13294112 14,14377583 19,10539663
919025 919045 9,26783097 22,12049747 35,8839663
919026 919045 13,7317851 39,24926210 40,27905385
918287 919045 7,18184822 38,14505168 48,34995807
918724 919045 34,123615 44,4427937 45,31751933 47,22284239
918519 919045 3,31801200 23,35547230
918210 919102 5,22902979 17,22517580 18,31199363
916358 919102 2,29785278 15,10910456
917913 919102 8,34719311 23,3033948
917015 919102 1,34835272 11,15451024 13,34406311 14,4875878 16,16940888 19,23707776 21,17239661 24,19659736 25,34459721
919068 919102 4,28556831 12,16978947
903677 919303 0,321674 6,28081946 9,30399948 10,5250787 12,1648618 13,722031 14,13993604 21,7244831 22,10497617
917421 919303 1,16081596 3,33537036 4,26261583 5,19214911 7,7086326 8,25993011 11,8741967 15,10734659 16,25006008 17,3434635 18,9406252 19,14482304 20,9917566
918122 919357 0,25327672 1,7413092
918896 919364 28,30529900 71,5760212 100,15869713 153,5222059
919107 919621 13,3533607 129,32893852
919122 919364 22,26677763 83,17065798 125,18569543
918948 919364 9,24001786 59,24101524 91,5877763 115,6912685 143,1692519 152,2240108 160,35362836
919173 919364 30,30711012 52,221257 95,27155330 169,5313083
918843 919364 6,23748704 98,22793920 108,18438376 158,2537125
919230 919364 37,22903868 79,9760396 81,29241743 82,10969170 107,6746216
918916 919382 17,33677955 132,30887245 174,22717576
919227 919382 63,21379305 134,14338633 153,23439004 157,19070567
918984 919382 26,34965195 154,23114132 176,7598364
919076 919382 20,29684918 113,2558014
918810 919364 10,13220202 84,8018696 96,24340179
919289 919364 35,29858475 60,25143643 70,12935979 92,10074214 104,14577607 109,5199351
918712 919364 42,20408321 130,26115238
918712 919382 58,20496772 114,33244616 165,485743 168,23711429
919159 919364 13,9595563 116,12474926 123,34822258 149,29808305
919284 919364 14,23497780 155,25649723
919042 919364 27,17770234 56,15294121 86,33634891 134,21677210 166,12633455
919175 919364 3,25565551 73,4787028 90,21712546 137,29094481 139,30393976
919094 919364 2,26639739 57,34426310 129,5852053 140,22488675
918772 919364 12,36668474 127,17707615 150,36493506 167,28632999
919225 919364 4,8567728 85,32975122 99,30266858 133,3695907 159,8927338 161,24980688 170,10352313
919070 919364 23,3420268 89,6480620 110,2530276 132,28229068
919070 919382 70,34942732 178,16984029
918746 919364 21,13203431 69,29444915 87,10494390 119,17849737
919224 919364 39,13873987 55,18178960 136,13514832 157,10354527
919004 919382 29,35876653 177,12513166
919297 919364 0,883179 61,22699461 106,5942382 144,34101542
919176 919621 5,25217296 144,19425458
919130 919364 40,21631262 103,30762921 131,2321196 165,1514124
919329 919382 6,24255968 149,5013634 155,2749974 158,16649006 166,34745989
919177 919465 60,33981832 80,30244340
917501 919465 41,21286792 84,35950064
917800 919465 70,25332466 81,9102869
918499 919471 3,8623933 4,27850275 5,9487901 6,20488213
919166 919485 0,36030823 35,15577884
919166 919509 0,22795186 1,10075215
917559 919487 55,30795320 83,28739568
918560 919487 70,15818443 73,7666851
909966 919503 0,2879060 1,18167981
916956 919568 17,36077990 20,21380923
919359 919616 51,12912900 66,593451
919376 919621 0,783861 154,3375414 166,12614345
919537 919892 32,13406665 151,17655498
919387 919621 27,161526 168,24390227 170,24862131
919387 919892 26,14631856 129,13594351 134,7749238 166,27996290
919362 919621 87,25961991 147,11062538 156,25812997 160,7248996 162,9330477 176,32837902
919368 919621 26,23708838 125,5225006 133,27896041 146,13802949
919368 919890 28,31824568 115,27087727
919400 919621 19,22642224 136,10474214
919400 919892 25,15142736 124,22393422
919380 919621 80,14426986 135,13051554 140,33209168 161,11267188 165,12564708
919380 919892 79,24107673 109,11833590 141,570890
919549 919621 86,33902169 137,2226133 151,16992644
919379 919621 76,24659020 141,19451530 155,59995
919381 919621 90,13693516 152,7947754
919131 919672 23,9954415 34,25987850
919570 919672 2,30613617 4,2160379 40,17366454
919500 919672 39,20454369 45,21985499 54,22527954
919221 919672 10,9997851 37,13677910 46,34930471
919100 919672 27,24145598 30,15063441 41,5477767
919448 919672 3,33018398 8,33424996 53,1849660
919614 919672 6,8053492 28,2957022
919075 919672 42,6116464 52,34819580
916636 919818 2,18769778 4,4758604 10,23327504
919681 919890 4,25435561 60,35326073 124,34428520
919703 919892 48,21719587 145,5551058 160,18488348 165,4772961
919703 919903 3,32003582 60,30992173
919795 919892 37,25343644 108,347462 113,27959643
919795 919903 19,32365710 67,30472126
919839 919890 8,16077177 76,31288896 92,1854819 118,35934652
919770 919892 8,8313606 147,13936738
919809 919892 70,20510622 136,8541097 167,27094319 172,1879523
919809 919903 14,22846172 66,3130596
919684 919890 40,33787004 106,18487752 114,31009501 129,19716540
919637 919890 32,36196098 135,30497628
919637 919892 55,28134560 115,16696510 128,13577372 143,28918798
919572 919892 17,16985004 117,22068836 180,4858100
919615 919890 23,18874152 97,12790820 100,25688223 103,3298763
919615 920046 7,29149143 10,24384771
919741 919892 47,35195751 111,28016291 120,34485549
919599 919892 0,12411498 135,12627274 164,15161753
919702 919892 89,12234305 112,10976887 133,9033282
919546 919890 43,2937455 62,13538255 133,36135952
919822 919890 18,17035525 65,5887456 75,32369811
919575 919890 46,27897908 61,10005894 81,28925191
919575 919892 72,28166334 154,541046 169,25586073 173,33047374
919697 919903 10,28237223 69,30791214
919705 919892 23,8459982 139,5136696 149,15434868
919836 919892 49,27694881 110,29797991
919733 920071 9,18636707 106,17154974
919861 919903 38,23099898 61,9253575
919861 921107 18,26613795 141,12965574
919857 919903 39,20347633 71,5473287
919857 920071 61,23331692 97,11320727
919857 921040 50,33473114 151,16489578
912764 920059 15,23105936 16,11098348
919963 921049 8,34547392 151,14348655
919999 921049 50,26195496 171,10464022
919998 920071 15,29663026 82,14489861 85,3640442 87,23585849 98,28782798 109,17289860 113,24234642
920018 921049 109,20356907 145,11979495
920012 920071 57,35227034 102,9618911 107,36463101
920013 920071 44,11209885 86,20869396 110,5422405
919979 921049 88,14999718 143,21519893
919985 921039 49,2560355 139,2600756
920015 920104 20,1607759 21,29687448
919701 920104 26,11864952 35,4451426
919888 920104 1,3436346 36,12751127
919873 920104 9,24484652 31,15354259 41,19295060
919039 920122 2,167269 7,21024662 8,20011105 9,617846
918989 920122 0,1715841 1,11515006 3,28742348 5,16425310
893385 920144 0,33094697 1,11790088 2,20021553 3,26669781 4,35073841 5,15950776 6,9081080 7,16507075
920091 920169 0,23073100 1,3724838 4,34264745
920191 920280 0,36660122 1,32247669
907153 920322 2,12513627 5,19441055
920268 920392 0,10175338 1,12390798 2,35013070 3,12076319
920160 920471 4,28115647 7,5012853 8,27877290
904156 920499 0,11520405 4,14387832 20,36372573
920466 921040 87,19863343 156,14235359
920543 920578 17,20887513 61,23160600
920394 920578 53,5857522 66,28281507 68,33202856
920487 920578 21,15696366 73,10239890
920542 921039 30,17725946 141,31165093
920288 920579 0,32797697 7,1564371
920442 920579 6,24023337 36,1995923
920550 920579 18,20267115 23,1193250
917166 920679 6,9611397 113,26045833
917229 920694 25,8854811 128,5144531
920593 920847 18,13996573 29,21376606
920735 920847 32,17286992 33,25174046 37,4582833
920675 920847 23,35520651 25,11362598
920773 920847 3,18117359 5,9068809 26,30507695
920795 920847 6,56940 17,7337167 19,5655112
920174 920884 0,21491688 1,3266685 2,19205252
911502 920901 1,8188752 4,2720310
912105 920908 74,11633369 118,10929091
916594 921037 3,22368953 4,21002054 7,20666061
920576 921038 79,34761140 134,18491700
920168 921038 78,13847251 139,34407065
920731 921038 87,10714491 156,19785136
920572 921038 6,10299751 137,32820918
920577 921038 86,35685327 128,24828069 155,32516242
920577 921049 101,9725850 156,8057270
920249 921038 13,12538283 164,17839137
920211 921038 72,28302537 122,1101843 151,762877
920211 921040 11,36700614 165,29790088
920651 921038 102,7351488 148,21694530
920095 921038 8,32028737 124,30705341
920359 921107 14,23052239 149,3821611
920440 921040 4,22580683 152,21916078
920769 921107 37,20622835 152,30229370
920934 921039 22,13903991 142,9917495
920934 921107 6,29233778 161,20326035 179,22100991 185,4963743
920658 921039 80,2188907 171,36329584
920064 921039 10,26815098 135,23554218 156,19624027
920419 921039 9,33480689 148,36856680
920158 921107 77,15864882 150,35442315
920443 921049 71,32787538 169,23597814
920027 921039 45,25890824 143,25381921
920768 921039 39,4497730 178,26431228
920619 921040 12,21528043 178,11987548
920110 921039 36,30695023 174,552539
920728 921039 106,19933709 140,30961481 164,1098947
920649 921040 119,1636275 149,36375253
920649 921049 91,23798923 154,28311402
920869 921039 43,22880734 146,13451540
920400 921040 59,23891869 150,22350394
920736 921040 91,35737433 138,34917415
920595 921040 74,28234438 147,5224161
920451 921040 67,29230197 143,11240734
920287 921040 65,16121064 158,33125213
920173 921049 62,23134381 163,8134257
920469 921040 82,15062076 168,20543280
920659 921049 69,25280308 162,26634808
920164 921049 93,2025609 167,24146071
920867 921049 68,35653046 159,10905298
920513 921049 38,5313564 176,14352602
921036 921107 16,26313531 125,126995 147,31915565 158,25812622 188,24586982
920952 921107 46,7092706 127,7360022
920922 921107 24,27470242 144,19228766 148,8922658 154,1880461
920162 921107 3,35831661 190,29415588
903678 921152 2,19399406 7,26717496 9,9903969
921152 921221 1,24736439 5,8894891
921137 921221 0,22078830 2,25426311 3,1691834 4,24862571
921123 921244 14,6473143 19,417181 36,28114394
920935 921244 3,25754892 29,32986900 38,30919831
921041 921244 13,29409426 15,1155292
920926 921244 23,15308850 32,8129626
921048 921244 4,7961607 30,31987766 37,31582003
921220 921244 2,7142254 10,19775364 12,32521599
920886 921244 16,26792670 26,36187381
921094 921244 0,23600969 1,14542882 27,28343280
920848 921244 6,30587952 18,13139408 41,9105159
921186 921247 28,29533254 35,14055220
921168 921247 10,35970725 39,31474483 45,24829031
921204 921247 9,7674437 41,22415875
921172 921247 18,30611853 52,31067585
921325 921533 10,20633858 19,23268160 20,17971036
921462 921533 3,23355767 4,19355025 17,10062639
921681 921774 1,17913198 11,11468239 12,17821115 32,21161858
921534 921774 21,13410341 35,17182882
921754 921784 3,1277291 5,12089854
921726 921788 16,34635042 21,26722015
921753 921788 19,36188159 36,28045477
921543 921812 25,20280562 28,1562443
921538 921812 4,8450132 7,23642250 13,1455045
921803 921887 0,3892513 13,34351488
913615 921949 0,26491227 1,23888943 2,36692599 3,3305418
921918 921991 0,32563145 88,30039867
921823 921991 65,36462917 73,29557076
921922 921991 5,18862534 33,9368120 62,35063510
921963 921991 31,19772579 76,28329331
921966 921991 1,4374097 44,20209045
921862 921991 14,32416293 79,18643452
921961 921991 36,35325350 61,6770339
921927 921991 38,21560078 85,7270790 86,1430156
921884 922002 1,28484864 3,29833 5,13430004 14,5490808 15,21938358 17,35783599 19,27591007 20,31957763 21,12575421 23,25344941 24,6919336 25,36619676
922001 922022 0,16575832 1,31784050
922024 922034 1,20057444 4,20330608
921815 922039 2,2125933 12,29658146
917080 922043 63,29744243 108,24761448
922033 922050 2,7485004 7,14319098
918836 922109 1,34968644 4,20253251 5,26686779 6,2359701 7,17976679 8,19860162 9,25581865 10,20255483
922034 922112 1,12752131 4,26614138 6,5347773
916694 922160 2,31430421 5,21776428 12,26872808 20,28159811
919818 922160 3,2318027 16,10263315 17,16412432 23,4911583
919835 922160 4,15547089 7,22940904 9,35140461 21,30383135
922188 922238 1,22789198 2,26409861
913619 922239 0,13164204 1,16962499 2,13760863
916321 922286 32,20594215 53,23766397
899559 922314 0,8639667 1,29572944
922322 922338 1,23322138 5,12385162
922210 922423 1,2412169 2,22670409
921800 922449 2,9373292 7,21692622
921800 961327 7,10081613 118,28339135
921068 925461 2,80581 4,24326226
922563 922683 7,8964716 8,4825044 49,26451080
922442 922683 0,20127488 25,24237135
922632 922683 23,1696912 41,5696278 43,16933702
922126 922683 5,16759355 15,17334721 27,15768033
922293 922683 29,9797284 31,36144124 48,14355887
899911 935433 3,6090199 10,20578512 22,21298769
922843 922954 10,9651673 14,14734567
922837 922974 3,36409853 11,6343411
922910 922974 2,1020473 14,10950835
921174 922999 1,18312386 6,33435920
916269 923007 10,15638350 27,24731350
922987 923027 2,12341664 8,31911810 12,28252330
906526 923030 1,31291999 2,13335132
922472 923031 15,16064057 25,23891871
907389 923094 14,31796905 18,26609017 21,12222816
923037 923153 1,9220209 2,5663019
923155 923256 0,11629159 1,19140097 2,951699 3,33510313 4,2235090
923256 923375 2,30888315 3,12316404 4,26849369 5,16573299
923183 923375 0,16686477 1,9858739
916866 923403 0,30828039 1,7541905 2,15810196 5,29080662
923205 923435 1,28131432 4,24471658
921161 923475 1,2458519 9,4215285 10,19795805 12,21069501 13,9863116
921161 924001 0,7188917 6,33311598 11,35197017 12,2521901
923258 923475 4,6633592 11,28551887
915549 932992 0,26950890 3,30740730 4,19262279
923507 923660 11,23747806 23,21698247
923469 923688 0,33269783 1,32663127 2,6928864 3,30264456
923746 923769 3,17532058 6,20771813
923595 923842 0,16083816 1,28887908
923586 923972 1,27693380 26,30922822
923924 923972 16,29091572 17,24335308 27,12959031
923927 923972 6,32151783 23,11941640
923926 923972 3,15511148 10,7456066 28,8483607
923401 929953 62,31968228 112,7839296
923889 924001 4,11479514 7,13971567 8,10944523 10,8918029
924302 924350 0,22454802 3,15233217 5,33149976
924305 924433 16,22541483 17,16028510 36,20387662
924161 924433 3,8235160 7,18095455
924050 924433 11,26109734 33,31356583 37,35069253
924253 924433 9,30208925 22,26982578 41,24292605
924049 924433 5,32770602 20,30463919 32,34501331
923443 925992 0,12496747 1,5603589
917596 924646 29,8827781 46,30157189
916983 924665 10,17839097 12,27728059 62,19547625
909391 924780 3,110902 5,33042747
924030 924866 9,10947210 10,14665973
924681 925041 3,29928576 10,6030472
924936 925042 0,6026606 8,30150080 9,5578522
924932 925042 3,10937346 4,16308049 7,22744992
924956 925042 2,27197499 5,19394218 6,12013788
924968 925097 21,31613470 43,25764132
924435 925097 31,19999695 40,15261362 45,622587
924916 925097 0,28075909 47,13425060
924943 925097 22,9006620 24,10408685 55,17701864
924736 925154 2,2318772 4,9144885
924528 925097 5,34668988 14,34493584 17,29816139
924863 925097 9,19306088 37,22197874
924965 925149 0,10375228 4,20526247
925173 925222 8,4635842 15,31599820 21,7584055
922966 925293 2,7206151 42,10660711
923471 925296 9,16436338 12,20187621
925230 925313 3,34212764 10,36484705
925012 925333 0,9025587 4,524064 5,10249757
925012 926229 0,15075131 4,30216140
917077 925400 0,27435891 28,7492574
925299 925578 30,6737450 32,26096635 36,33898061
925481 925578 18,12509463 33,33204925 34,5797286
925474 925578 8,21082714 10,8963754
925468 925578 20,4121860 40,19001491
925282 925578 0,14134075 26,24806219
908593 925591 0,9619577 2,297288 3,15427859
924826 925673 11,8753493 32,23873349
925659 925804 7,29598452 9,20986132
925641 925804 2,33842167 16,34468450 26,1990243
892020 960750 1,14096752 4,26958257
925634 925890 8,428531 13,29214845
918042 925913 4,35171930 6,4481322 9,32374889
918027 925913 0,36448191 5,23130656 8,8259948
918006 925913 1,29742775 2,23494453 7,210062
925709 925942 1,26784911 21,32039552
925889 925942 4,10169396 15,29713972 17,12111047
925897 933688 14,33110283 19,16732094
925726 925942 3,6271287 13,29074476
925890 925942 0,3330240 2,29366951 16,14675003 24,2325504
902878 925962 0,12229210 1,565578
907667 925987 0,4353352 1,13328027 2,15622609
926017 926127 2,8627585 3,6179738
902264 926201 0,23275927 4,30526829 7,14596525
925239 926235 3,20135340 9,6856293 15,31678433 16,28826679 31,19724734 32,15522895 35,11865552 36,31330102 40,7655374 47,11758014
925990 926384 3,35569575 23,6952589
926304 926384 7,24978572 12,7253247 18,1555935
906963 926497 0,29428983 4,19219538 6,2868957
926618 926640 4,23772882 10,13325572
926469 926640 7,24430877 11,25992664 20,33142092
926435 926640 6,33316397 14,18348812
918237 926651 0,27792151 1,16993716
926653 926724 1,32979454 3,15925621 4,9334490
926173 926741 1,21969238 2,29282495 3,36656273 4,8143740 5,14682606 6,31334713 7,36088761
926716 926963 3,22272067 34,23735913
926427 926963 18,15016627 30,25241226
926841 926963 8,30582430 32,32415265
926846 927003 3,35750485 6,18451672 9,7314471
926846 927311 9,32017729 38,609781 86,10540760
927003 927229 5,14169026 8,4244758
927003 927311 48,27125553 72,2596157
927016 927229 1,29449940 6,2013299 7,17511094 9,10881263 10,34234843 13,4748928
927016 927438 0,6915517 5,4361627 6,31508323 7,13598026
927016 927525 2,26406793 5,33593460
927203 927250 1,32008669 2,23528252 3,24520122
924327 927282 5,11650528 53,1464094
926658 927311 67,25795096 89,28662189 97,25940636 98,35896553
925333 928977 26,7526927 86,6337457
925333 929944 17,9732957 72,21890886
925333 929993 48,17535333 87,23278787
925587 927311 65,18604287 77,991492 82,24369858
925534 927311 10,33247735 21,4520353 44,24768465
926381 927311 25,9784104 47,26500555 52,18313795
925281 927311 16,33041971 105,16758765
926436 927311 27,23010320 95,26064811
926944 927321 9,19048591 36,5188233
926956 927321 28,6859480 37,28627919 39,12633271 42,17927426
927419 927582 3,10676035 4,9720768
927607 927665 0,30315159 7,23865878 17,8230564
927610 927665 26,13730321 32,16399561 35,34740619
927399 927665 38,5045675 39,31781703
927524 927665 3,1383556 12,10595941 16,9520314
926439 927773 0,21196944 8,17576796
924363 927775 65,10751465 74,26025866
927475 927888 0,9822012 3,5440410 4,23255378 5,26458715 12,14645865 13,3424260 17,12167587 18,27943820 20,11736562
927842 927888 2,12424540 21,16805074
927842 929920 0,18370549 1,11731313
927306 927956 7,788975 12,34673629 43,26755840 89,34582722
925803 927991 1,34883740 5,137950 7,25390093
925835 927991 2,16609724 4,13063320
927985 928006 2,24205922 4,29446437 5,27303497
892869 928077 2,12164016 11,471198 37,1434319 46,32085201
927978 928128 18,16383870 54,8326578
927969 928128 26,9009921 39,22320646
927351 928128 33,25100486 35,15680625
927856 928128 12,9557458 56,29116359
927917 928128 1,31023009 23,12375852 46,35297995
927870 928128 6,19805680 20,1535401 28,18517768
927699 928128 21,15523616 60,16217442
903654 928190 0,12838395 3,6817652 6,6156781 7,12597582
916742 928302 0,24526581 1,5110817
927832 928328 65,18298979 109,27950372
922179 928353 97,4662512 121,13229322
926041 928421 0,16843316 1,18397390 2,26742008
925429 928444 35,723363 47,28895871
928391 928474 38,24055531 53,9974841
928407 928474 4,22783674 31,3220772 49,26952428
928350 928474 0,31220156 14,30699122 27,27195819 42,28834558
928274 928474 7,36403500 45,13024917
928137 928474 18,28881264 43,25100801
928278 928474 40,13116767 46,27372183
928445 928548 0,25165242 1,33463337 2,2013419
928104 928645 0,30744943 1,12820186
928448 928782 0,11128728 1,16681622
928794 928832 4,25727158 5,21741532
926581 928961 1,20842125 5,28568460
923929 928966 30,28446344 91,16380916
926379 928987 0,11232280 1,25422991 2,16105624 3,25881194 4,19430986 5,27920188 6,33617225 7,22794870 8,11973134 9,25336945 10,29554570
927660 929003 4,35748437 10,26968134
927696 929003 0,8307629 7,32553702 8,17647785 9,33920903 12,34555123
927696 929838 0,22754166 8,26727147 9,19159698 10,2567735 11,29765747 12,19926176
927696 930507 0,25610724 7,3072856 8,33652213 12,13402554 13,8115784
928406 929153 0,13887773 3,939423 4,11903693 5,16595223 6,21271618
929071 929201 17,13101489 37,2872173
929189 929308 11,16424623 33,17575634
929343 929388 4,12132631 7,19499945
911651 929441 1,21084911 3,24539993
929370 929442 8,32691125 13,15276540
917726 929596 1,11518135 4,17557333
929467 929597 1,11702242 2,20767573 3,8471868 4,13892436 5,12437969 6,12914116 7,14004369
925924 929730 1,11914209 11,9545792
928645 929733 1,3675030 2,13653221
929677 929796 0,4726572 2,35309917 3,26925281
928447 929785 0,18918081 3,19629926
929766 929797 1,21454836 3,10910520 5,1315197 7,28216122
929785 929798 0,27236990 1,14678987 6,31512391
928320 929802 44,29841815 59,29200433
929525 929809 30,18658050 40,4022111 43,2918356
929409 929809 6,11364982 41,3383111
929569 929809 9,33957882 32,5002462
929517 929809 12,19681988 20,35418509
929507 929809 23,23879545 35,26214905 42,22157372
929652 929809 10,36056181 36,21989868
929740 929809 11,11772026 13,14893966 44,5584183 55,3144405
929805 929828 0,33766482 1,27295771 2,26748973 18,2577272
929803 929828 11,1308078 12,20446859
929798 929828 7,6984767 8,2648974 15,28295368
929003 929838 2,24295746 7,32733929
929003 932145 50,19699690 94,19284771
927438 933697 73,30762898 80,11324390
927438 959459 60,3062787 91,34147312
929927 930033 4,16589415 7,22165550
923841 930082 0,663601 2,11451185 3,2540999 4,31398713 7,18676768 8,36527600 9,8002425 10,5530285
930055 930128 0,23004400 19,34164670 24,29755569
930033 930128 2,9643300 12,1402201 17,28775669 18,15486125
915408 930156 0,16351619 9,21186114
913695 930237 2,32274664 3,1079639
929491 930377 43,8975685 51,11782874
929661 930381 64,9994779 90,2817415
927297 930381 19,9631715 66,27438385
921173 930484 0,26867175 5,29412401
929838 930507 3,2609016 9,8880057
930282 930911 2,27722005 5,34641164
923770 930542 0,21353795 1,29181671
930553 930642 61,1941838 62,21614855
930356 930642 26,34171689 52,10787426
930608 930642 27,621799 63,6868828
930349 930642 9,7717369 49,21118773
930550 930642 17,30122235 18,2071308
930197 930642 6,14627651 47,35635469
930396 930642 19,16836196 56,31175419
930472 930642 35,2811794 46,8646397 59,10209889
930296 930642 39,20752943 44,22338335
930530 930642 8,31751244 16,24103954
930585 930799 0,24355889 3,33210906
930792 930895 0,19460172 10,26531842
927418 930925 0,10513032 2,20274572 3,3537848
930606 930969 13,3486333 30,15954943
930606 932145 61,10574150 101,23433374
930777 930999 5,35476270 10,20074525
925822 931108 24,25518666 105,34310839
931136 931258 4,16907774 6,6880188
931136 931669 39,25045492 59,23509941
930704 931258 0,4955789 11,31667045
930986 931258 14,28806728 19,30332106
928883 931260 0,25038694 1,2291009 2,18242186 3,32640052
929499 931263 8,22352157 9,26611308
931284 931574 0,24258109 3,4004294
931284 931687 0,6400484 3,19113446
931284 931848 0,5017604 5,14212594 6,27486353
931284 932501 0,20423587 6,25096370 10,23580509 11,34964736
929782 931353 5,27587853 7,31284397 8,20132434 9,1108649
931320 932152 23,36435584 60,21240736
931487 931562 0,9758785 2,9054748 3,1370038 4,10134614 5,21808186 6,11767276 7,24951672 8,16821693 9,21184643
925094 931567 11,14376548 54,28285602
905062 931612 0,31425952 3,19125521 4,5459047
931658 931669 13,12384099 32,18580207 49,23119340 50,13342267
931259 931669 8,29619366 36,9946430
931275 931669 27,31684582 38,4387393 47,11983307
931621 931669 22,5722276 40,4359898
931218 931669 12,3089875 58,6094171
931504 931669 5,23374098 41,7289091
931361 931669 17,30063778 54,18860073
931133 931736 2,11700836 3,28720412
906025 931801 1,29663041 2,36435437 3,4931312
931667 932004 20,22808654 23,13362619
931665 932004 4,31244800 33,15586247
931866 932004 0,531202 3,34966748 10,13130648 12,18626340
931934 932004 5,17967189 26,9441491 27,19115529
931797 932004 24,10183641 30,25476877
920901 932027 1,14704821 2,12817745
932062 932101 6,15250516 7,15047621 8,27685309 9,14825745
927962 932145 73,27716652 78,35899498
930161 932145 20,32224895 44,15087394
931088 932145 59,16817613 105,730194 136,12224196
931781 932145 34,25757829 45,13272236 66,8360571
930095 932145 52,13302956 80,22130765
930733 932145 71,36105948 122,13384396
932067 941557 10,25018260 22,17584731
927892 932152 67,13524920 85,15104695
930736 932152 26,4127327 34,13554485 52,8262091
930654 941156 0,1305704 14,20916945
930319 932152 28,31453739 54,18596536
932037 932153 1,22387887 6,4361431
932179 932224 0,4621633 1,22044010
916915 932320 4,23301313 8,11730624 10,19616223 16,12761339 22,29311714 25,26092361 27,27671332 35,2182781 37,21348321
923961 932341 3,12523819 8,34590199 9,26800559 10,26786069 14,9252264 15,3502604 17,3792501 18,24783851 19,24149914 22,34820581
932029 932365 1,7977207 3,31786312
932255 932442 4,12870022 7,13680565 8,33277080
932311 932442 0,30369256 5,26199926
932441 932488 7,34469942 14,10001902
932442 932488 0,24758008 10,4908692 15,12745100
932298 932501 2,4877079 8,21516180 9,34804178
932298 938080 8,106680 9,11233371
931848 932766 3,16669856 4,21169016
932501 932766 0,14710495 6,35656493
932501 937910 128,4483362 134,8457724
932640 932789 6,3947946 7,36057143 13,25853718
932725 933010 0,19120129 4,6009028 5,3981032
932725 935026 2,12351898 6,1569742 7,34428078
932725 936150 0,1081139 7,11681762
932725 936888 0,1373667 8,17852367 9,1017468
933073 933283 0,21738692 6,32343421
899639 933303 1,16287977 3,32552923
933298 933359 1,2533761 2,20563605
931793 933361 0,36042375 1,15608253 6,12028573 7,19107455
931745 933361 3,17312088 4,7521383 5,31050748
930748 933408 0,23577789 8,23034625 16,16208602 17,13546222 21,16314165 31,26863990 32,3477189 35,28355106 36,25331227 40,13812619
933094 933511 1,11731884 4,3254440
927912 933685 20,14836310 31,31421482
933722 933881 6,31819586 7,3939512 21,20533708
933496 933903 0,3031557 2,8197917
932581 934111 2,6297847 5,3729115 13,26046694
919399 934111 0,36547616 6,32850714 9,12891699
926628 934111 1,10302276 11,32472665 12,4279862
934003 934111 3,35738575 10,19985396
913811 934111 4,19300624 7,21461204 8,13193717
914106 934408 0,10601260 1,35807191 3,18503469
902416 934498 0,8785246 3,21872797 7,4082921
933348 934512 8,32095283 41,23258096
933723 934512 19,26091911 35,35363996
934204 934512 32,16750106 37,12141625 42,20853875
934578 934639 5,34423628 10,29239086
934633 934639 1,32317206 12,8985833
934227 934705 2,34821581 3,21533943
912781 934749 13,16866988 45,2951621
934693 934759 0,17073970 2,6082098
934656 934786 3,12599885 5,15328846
927477 934850 25,1074304 58,32645607
931313 934886 9,5817989 91,3360225
934845 934942 5,2347553 13,35964049 23,5820873 35,22411274
934738 934942 15,5724514 19,6833756
934751 934942 1,24495025 7,15417071
934695 934942 3,35326399 21,13220566
934694 934942 12,1941792 37,7179169
934877 934942 11,25895742 16,25234261 18,35163796
931935 934948 0,24647561 5,28503497 9,6932686
927812 934970 9,32585128 41,17738106
934760 934973 45,33636926 93,23495634
934541 935487 5,26950784 6,25841058
929440 935031 134,26739314 158,18869739
935317 963375 0,10495362 1,20518498 4,22560563
935210 935615 42,5415920 47,15367344 49,27961850
934991 935615 34,1921058 43,14087232
935058 935615 12,28295726 17,34895540 58,19074938
935449 935615 4,14049565 19,4672627 24,36177080
935320 935615 15,6976415 36,7325920
935076 935615 26,15766668 60,13827693
935307 935615 11,4451504 28,10679494 39,11789529
935133 935615 21,5256749 33,23579148
935056 935615 41,32478631 59,31532154
935549 935615 8,34476057 37,19741726 52,30435008 53,5982798
935671 936047 3,6107015 4,29192776 6,4340456
936103 936159 0,13093647 3,19515346 4,18848325
914851 936425 7,35259341 16,5324544
936416 936495 1,24239842 4,24834620
897690 936501 1,34186389 4,8065625 5,30605491 7,22928697 8,34559343 9,29311486 10,2144898 11,5760056 12,25414159 13,1070132 14,33683480 17,26541842 18,11667937
936146 936577 0,2468182 3,26184408
936250 936623 41,1493117 49,10140008 50,35600039
936117 936623 0,18746306 19,1203778
936614 936623 17,21270252 48,29396259 57,4428260
936027 936623 29,28438260 56,8440043 63,17423052
936142 936623 13,24413032 24,20161433 52,26089570
936559 936623 38,26587795 55,462220
936043 936623 4,26108210 44,8550960 60,25838139
936097 936623 25,12040111 26,7328887
936487 936623 37,7980990 39,18314398 58,7413051
936528 936728 2,35392663 6,9607781
936490 936728 0,36521583 7,12964102 11,31735431
936665 936728 4,11336845 5,5338360 8,28675748 9,1265891 10,34722104
936666 936746 5,10196200 11,32445068
936681 936746 9,4530474 13,33060286
911453 936781 1,18476995 4,21413929 7,20510077
930895 936806 66,28489387 72,36441640
936812 936829 8,28748336 10,15233537
936816 936848 6,916433 14,31097618 17,12826617 18,26245692
936748 936848 5,4543114 23,4387344
936753 936848 0,2153471 12,9085042 22,13303744
936825 936848 10,15289619 15,3519744 19,30375999
936626 936858 0,4615407 14,3784938
929777 936881 61,28307397 67,12939382
936150 936888 4,31932916 6,31566155
936150 939343 17,26139224 28,19519545
935785 936888 1,33083650 7,36609358
935128 936891 28,12888448 31,22362815
900016 937157 8,12742886 22,15568118
935185 937181 3,1389511 11,13152402
937115 937218 4,35974551 12,2024720
937178 937246 8,23602623 16,5161558
937160 937246 5,27935134 14,14453336
937415 937461 3,35382993 9,17890726
937401 937461 10,18527381 12,23976556
937516 937558 2,32973274 4,6412204
913522 937577 0,11558422 1,17993681 2,5672143 3,19249225
918562 937653 2,34572800 8,17564040
922332 937653 3,4502235 7,28816634
937562 937669 0,16915698 1,36148404 2,6958809
937442 937829 12,28899400 17,25684786
937611 937698 3,32010087 14,17643851
922319 937759 1,11765295 2,23744456
937672 937785 2,5609942 5,34564101
937539 937829 6,29231667 43,14456947
937698 937829 4,5321915 5,2825860 34,18435871
937739 937829 20,21368220 22,22518059 26,17923686
937790 937829 16,25533313 33,26166358 42,30760488
937339 937829 27,35514854 29,28101816
937793 937829 18,827994 21,35159103 44,27949814
937744 937833 0,3692293 1,1986253 2,29368342
937556 938486 0,11158543 1,12256960 2,20514929 3,34388273
937556 938487 0,20503773 2,28799340 3,3461275
937556 939645 3,22915332 15,8599707
938024 938031 0,11067223 2,786874
930329 938059 7,35143426 9,7492506
938113 938124 5,8698626 6,13407186
938157 938216 4,25555667 5,3649452
938157 967545 5,6155648 9,23361163 11,28061731
938157 1039094 0,28383133 22,30621378 28,9992789 29,27813871 31,19851001 33,36246039 35,34061351
938182 938235 6,17407811 11,33778723
938200 938235 21,22380471 30,23576653
938142 938235 14,33049323 19,22989119
938164 938303 1,15326817 2,14131281
938237 938305 4,14457024 19,3391346
937534 938306 3,30956173 6,26523307 15,6864700
938309 938313 0,6010592 2,8447369
938314 938323 1,5557277 3,19138985
938318 938540 15,18489354 25,7506890 41,31458862
902482 938360 0,16465782 2,17007838 3,2780683
938346 938387 1,8933852 2,25721565
938382 938435 0,24771307 4,25779858 16,11093994
938377 938435 1,32106150 8,32325012 9,33545133
938428 938480 0,33495981 1,26746224
938026 938488 2,20243982 6,34526583
934924 938493 25,18784737 42,26224455
933789 938497 20,21796952 61,21463834
937465 3662147 32,13585403 107,32957113
937957 938511 15,15279488 23,33383408
938510 938521 3,16781105 5,31109372
938508 938540 10,19722239 39,17140127 44,5948748
938509 938521 0,23986086 2,33246914
938517 938526 1,24505961 4,3961863
938256 938540 27,26778675 38,28940860
938289 938540 16,15050975 23,15353458
938534 938540 2,25587779 40,34994688 53,27838184
938112 938540 13,32289000 29,9018625
938257 938540 11,2919219 14,18479155 35,8538487
938557 938582 1,17198207 7,5564024
938602 938612 0,25144928 3,9107534 4,34284650
938637 938656 1,34427875 4,2662859
938485 938716 9,13136782 20,28920732
933672 938716 3,21079643 28,16386804 31,33577763
937182 938716 8,17714176 19,23394837 26,22122833
927583 938716 5,21546505 18,14050623 21,33420365
937830 938716 2,31906948 23,22844534 25,33271897 27,29797319
915158 938814 5,23279764 6,23483278 8,14837633
938123 938823 0,35135641 1,30547570 2,12698967 3,13972088
933893 938922 47,2079350 159,32676508
909835 938932 6,7608133 17,23550337 19,33225416 21,3347458
930484 939008 0,11075165 4,24264745
939021 939030 0,24494955 1,9833154
939036 939042 0,30278884 1,27826941
939037 939042 2,3398688 3,24744162
939095 939153 1,18155545 6,24042766
939125 939154 1,16826978 2,30434303
939158 939170 1,13296698 4,6545356
939145 939171 3,5193334 5,20291442
939144 939171 0,23833079 1,29140205 4,2918206
923447 939201 1,35439438 4,17097959 5,11542504 7,21443938 9,2591082 10,23336919 12,15890374 13,29086475 15,32292967 17,30340776 18,4689463 20,24430518
939155 939222 1,3637755 3,14036970
924964 939280 3,9213736 6,22728624 7,4835336
939240 939281 0,12712340 1,14558301
926596 939311 0,15605475 1,20952828
936914 939314 5,34426795 12,7198812
938548 939315 1,31005835 8,1833201
907906 939340 0,12155166 1,24127137
891983 939395 2,5205479 15,14708414 38,656014 40,30093994
891983 939461 4,18884533 22,5406729 23,5236098 27,2882830 28,5720087 39,5609045 40,4899178
907165 939395 5,27509233 18,34974732 25,13816846 41,3281475 48,11037352
939311 939477 1,18436854 3,19171621
906100 939603 12,6295982 19,36067809 20,16181645
938671 939645 2,23071754 21,14276831
938671 942066 2,2915844 59,31218647
938671 942146 6,1783758 7,2207595
939570 939645 0,2580351 9,30700613 10,3548071 11,5091963 13,23471666 14,24191368 18,32632268 20,8026323 22,13084102
939570 939781 1,21097975 5,27922618 6,1440423
939570 1144369 10,4820929 12,218640
939645 940359 10,637939 22,18704612
939645 940564 1,1270498 7,14758680
939645 940640 2,200541 28,30017901
900851 940183 0,13902637 1,14419957
940217 940309 4,33318076 24,5271862
940253 940309 14,10278989 37,36049965 40,33183835
940216 940309 9,30483953 22,23331069
940222 940309 21,13573141 34,34672444 41,10835786
940183 940309 3,14669839 27,17821781
940191 940309 18,4977581 23,3294073 33,29648253
940225 940309 1,36552281 19,23386669 39,34756375
940206 940309 0,31670922 12,16750623 31,7118758
940182 940309 16,20432154 29,33612544 32,34948367
940254 940309 30,15520474 36,16273290
940361 940444 0,7260551 1,22837641 2,16371047 3,21058098
940308 940518 0,16176475 8,25675518 9,21769792 10,10034295 11,1916934
940308 941329 1,20697492 5,427646 8,23237684 9,32179782
935571 940611 0,36343487 1,17724158 2,32626940 3,2762622
930978 940866 0,24226145 3,8799546
940763 940866 2,4027311 4,22305615
940941 940981 0,10595352 13,10088511
922453 941037 30,18366460 39,20910131
941329 941425 0,25844516 5,6676603
941425 941540 1,36256390 4,14761745
911289 941595 11,19605074 18,5881821
911321 941595 8,31490950 9,33577545
911284 941595 2,3236632 5,35642629 12,36424448
911286 941595 3,17325394 23,9596511
911327 941595 10,21536859 16,29741618
939092 941744 0,9481889 1,28754748 2,6118599 3,29878886
941540 941800 0,33305198 2,4212274
905980 941894 0,6009237 18,20151917 19,19684108
928192 942016 12,5165597 13,866333
937146 942018 0,1608345 42,4883662
937700 942066 14,6407716 58,34715241
936544 942091 12,19140705 25,17408606
941902 943910 0,15100066 5,33664241
941902 944392 0,4389050 6,14569630 7,36569346 8,15851054 9,13622914
941823 942113 7,35927496 8,28184483 13,7641137
923156 942213 0,14999091 1,18852099 2,20921031
917915 942747 0,18883581 2,11917097
933303 942824 0,32337206 1,3076513 3,25946401
943462 943566 3,12971424 5,19708255 11,18277652 13,20662810
943463 943566 15,1604183 17,5684103 22,8962769 23,30313956
938515 943664 0,36006687 1,36263969 2,21752971
943628 943710 18,23580484 46,15644779
941357 943924 0,5860547 2,33188154 3,680844
926709 944080 2,25440942 3,32294252
937833 944121 77,11918288 135,35275176
903205 944177 7,9150262 12,3008584
903241 944177 0,3980431 14,18051788
903227 944177 3,35205710 6,34097187
923149 944294 1,12420323 2,10050348 3,1671669
944177 944367 1,23524152 8,14072837
931032 944388 0,11012752 1,15563392
937631 944457 1,7438833 6,1608221
933637 944483 1,17808570 6,14257088 7,29780692
899906 944510 0,811623 20,19341482 21,15574577 22,28722143 23,379781 24,16098670 25,9517789 26,34606506 27,25717181 29,12353757 31,23475233
920276 944560 4,32230901 6,35869575
938570 944697 43,21117223 53,14210543
944773 944805 3,22022149 6,8965680 7,22905594 9,183323
932614 944807 0,3431873 4,1520061
944695 944843 2,13447209 6,30182250
917420 944898 0,16494667 3,11251783
922670 944915 2,23972802 7,12680317
940981 944931 0,14339838 5,20314904
944404 945049 1,23657103 7,974451
944805 945049 2,24095863 8,25687747 10,13148282
939460 3662149 27,6235451 31,23219407 53,35466784
945157 945239 0,9217593 1,17508253
945196 945270 0,28877884 2,7328747
945196 946475 4,16749999 9,26233069
945251 948092 75,30168717 108,34216806
945251 1042997 0,26991080 1,16179948
937862 945521 11,52523 12,31410282
945729 945802 1,11708241 2,31496505
945272 945850 5,1704231 20,18318735
945378 945850 4,17837729 34,13564183 35,3981847 36,16950889
945192 945850 27,3327884 30,32781961
945397 945850 15,17799906 43,6340157
945210 945850 3,15221528 19,25179279
945876 946116 5,34933576 6,25715339
945772 946170 0,35806403 3,1918336
945770 946170 1,8126958 5,8783405
945570 946170 2,8672269 10,23138948
945714 946170 4,10185963 13,7938049
934749 946170 7,10067768 15,2589558
945716 946170 9,31292328 17,20649672
917529 946228 26,23317966 52,16497184
945623 946276 24,32071644 56,18380931
946027 946276 0,2618794 52,31384472 54,22312035 59,30075879
946037 946276 1,168040 11,3288060 65,18478946
946189 946276 16,31130799 37,28191149 49,27700828 63,24117280
946117 946319 36,19823029 50,35412100
946058 946276 10,7843514 47,9078066
946190 946301 0,33711441 1,18174831 3,35828606 5,14129123
945955 946301 2,5045471 4,18612610 6,7203815
944430 946319 94,3525210 111,14305582
941218 946324 37,21977342 70,15774946
939517 946334 1,8148473 6,20754545 9,36459112 10,32799926 12,30266432 16,12035528 19,10903382 27,35988545 28,7947499 30,21043762 33,20178532
945233 946334 0,20527440 5,30225365 14,3856914 15,27619384 17,26982843 23,35112866 24,28368600 25,30243829 26,10181073 29,13383943 32,34569426
936460 946334 2,21727840 4,26810187 7,24472464 8,28395463 11,28065643 13,7606167 18,35648891 20,18768360 21,13052133 22,4585922 31,28000113
943924 946479 1,23962860 2,5146916
900100 946491 5,26666021 6,14859174 14,8012884
900145 946491 7,36303261 8,23195199 11,30287893 12,15975211
946308 946950 10,3929526 25,12574457
946722 947346 1,5861898 8,13957615 9,16404909
946134 947060 15,31204424 23,20674975
945218 947061 1,11816950 15,1136466 18,11757329 23,31716079
945592 947061 8,24289145 54,24538487
937644 947091 51,34053868 63,9120886
938932 947091 17,17861716 66,31259657 87,31079641 88,25252154
939871 947093 0,16959829 1,4904432
945391 947346 3,7192852 10,16096824
945391 957293 11,26587217 18,19899648
904567 947405 1,30363983 7,24508615 9,3379893
900301 947498 0,20524512 7,6310442
947346 953017 1,11225581 33,13122753
947144 947590 16,13138555 28,36628520
945799 947652 50,8511013 78,24588387
919183 947821 6,7574390 20,31196101
947483 947895 0,4243459 6,3394748
947393 947895 1,9794378 5,8662272
946151 948110 1,34729971 11,31586711
907433 948254 2,12784586 25,30332762 34,25502657 40,17954417 41,11369830 46,3851053 48,28463592 51,25024882
937068 948258 0,29383648 3,24154738 4,3404533 5,20501634 6,17224251 7,25088203
948267 948339 1,26489964 2,1358180 3,1083218
942260 948359 0,25974831 1,34022141
948359 948449 0,5651787 2,21443238
947633 949277 0,19918867 6,26685827 9,14602687 10,24915280 12,5125717
947633 949758 3,29900190 10,5048049
947701 948655 2,783724 3,11821394 4,13334770
948605 948701 0,2996188 9,33271033 30,19518278 46,34597731
899557 948786 0,3687974 1,2704970 3,9338952 4,35302037
948733 948813 7,32930603 14,19018234 15,8814813
948701 948813 1,25778762 6,28831528 12,34871186
946479 948839 0,8245463 2,12003130
948635 956894 3,25930307 7,8385817
948923 948967 7,30172270 18,25383461
948992 949030 0,10444867 2,13992852 3,15361248
947820 949058 0,9582234 2,34980643 3,34021514
948588 949155 3,7845582 5,27084680
936429 949224 3,9802027 9,21101239 24,5889243
946005 949227 10,34708584 58,23497299
949140 949277 2,19298426 4,7488719 5,2871461 7,24237883
949140 952651 5,6832156 9,26813947
949140 961327 86,18389083 99,25860741 100,30005432
949045 950884 12,8653093 60,14358518
949045 2280204 54,33944576 100,14510860
949250 949295 0,20472017 1,7630330 2,4117566
949295 949368 0,13440706 2,20523414
948279 949402 8,4598308 27,18689290 34,22184997
948343 949402 13,12217746 23,19179701
947699 949717 6,22665570 8,3285008
906680 949760 0,23262140 1,23850425
948416 949884 23,10237973 32,27554184
902795 949977 0,11383161 1,30884290 2,2441759 4,27715852
902678 950073 0,1352405 16,21013554
950074 950208 2,34051806 12,29234827
938306 950233 5,33789137 10,10382520
949480 950311 26,34491292 37,31466537
945415 950311 16,18745980 18,6192847
946743 950311 6,30368309 9,3436785
950129 950311 8,30180999 42,20249650 57,4789483
949815 950323 8,13903406 136,27966029
936492 950377 0,8589305 4,32739535 5,25690466 6,32127182 7,25850530 8,27030213 9,6248148 10,8123978 11,6725568 12,25707766 13,20137869
923588 950624 0,20250834 1,24544972
912636 950632 1,30206973 2,23840992
912636 1177435 0,3005539 1,3724792
948922 952543 3,6016887 7,2457196
949758 951236 0,30202918 5,7530158 6,6460609 7,16950869
949758 951827 1,168236 6,6868334 8,23542930
949758 954475 1,23198260 4,17952278
948579 951609 81,30440248 117,53102
946821 951611 34,1869622 91,688287
932124 951625 5,23920872 17,22707304 18,33411701 21,383999 22,25335997 25,19421370 28,30165292 29,22194958 30,2942123 32,9156696
914470 951625 2,11625726 14,12928575 15,12968135 16,29404169 19,32064351 20,28561935 23,24003459 26,19430660 27,16147858 31,11312683
946884 952155 4,31924937 34,29210452
952319 952962 4,32981866 12,17086562
952319 959459 9,5392320 33,26364098 86,18178248
951827 952962 5,14611720 10,5900273
952553 958855 23,21660886 46,29807277
946769 953017 2,20888671 62,29047536
907111 953471 0,10630431 2,23309701
928933 953748 4,26941139 13,5144058
906250 953525 1,17199750 5,5856496
953525 953748 0,18056383 8,14751831 10,22006222 12,14257698
904584 953670 9,19869865 11,18213566
906189 953670 0,3027162 10,7002155
952201 953854 0,13043788 9,452284
947325 953875 5,9634081 10,2132103
926021 953923 0,19206947 1,8786746
926021 954043 0,31447757 2,34222519 3,35984560 4,29752433 5,11474889 6,992071 7,6188429 8,23192058
953872 953933 16,5533550 21,18323483
953824 2394243 0,10524058 3,15262792
933673 954060 1,33191496 9,32502100
953962 954173 3,22952036 5,16298741
950559 954276 0,20838803 1,2508708
954250 954395 8,21418376 9,17898229 15,1828411
954645 954791 0,26391498 5,16051874
954645 961332 0,7691305 20,14943077
954475 960377 10,27533465 11,30230876
924439 954982 0,21775580 12,30883047 13,9068792
954763 955009 0,16927571 2,26818211 3,20655301
945773 955091 4,32385721 16,32205233
953873 955134 5,34926602 14,5928731
937488 956298 5,36006257 17,32555947
956583 956780 0,8010227 6,29744810
946791 956797 3,26545513 6,22173934
946951 956816 60,19354660 128,34944107
945193 956816 43,36364224 46,9614813
954983 957090 8,32720657 10,7347955
947841 958978 25,29470482 116,15344924
956800 956838 8,5307524 9,33418345
954962 956838 0,27801767 7,22340418 10,2191312
952962 959459 7,29912389 67,29146495
951112 957308 6,12124806 14,34986447
905243 957496 1,12455265 2,1027040
924647 957795 0,6416566 2,10260758 4,3385466 5,30857800 6,34390098 7,3636103
924800 957795 1,7981102 3,3582200
941942 957829 0,89762 3,35428345
954981 967277 1,3671261 9,5183424
945928 1388313 140,15273898 1127,33725731 1139,8658725 1152,24166366
918355 958384 0,18704885 1,28019932 2,11094261
910056 958874 0,13658835 1,34317250
948386 958981 105,6131141 112,31515238
945707 959003 1,15113744 2,20166569
932688 959003 4,26799955 5,27237092
951236 960377 1,28417162 9,514143
959003 959071 0,35913031 1,4097039
959004 969402 36,8350749 115,33372244 175,3859728
956645 960616 1,4694072 2,27121793 4,19690871 6,16354421 7,34741973
925872 960750 3,25522905 5,30618602 6,31078271
956298 960919 0,2869626 1,29791444 3,24313439
960604 960971 0,2411812 2,21581640
924780 961247 1,32155108 2,16651415
951495 978364 0,34926977 1,23552988
954168 962314 3,16688812 4,32911393
960603 961413 8,24357004 16,32520628
960473 961413 10,33090 14,34358458
960617 961413 2,4148819 11,4417740
908202 961864 2,19444207 5,21088688
938307 961886 3,33312265 4,31581651
945851 962339 0,11297322 1,35420251
945860 962339 2,12584754 3,12545551 4,32817391 6,27128627
957099 963295 12,29685587 99,30013635
957099 1389255 0,18334855 3,27407341
957153 1383128 0,35290062 2,27937738 3,22700567
957138 963883 108,25709017 114,18173654
912683 963375 6,8752930 7,8773207
923740 963375 3,6402612 5,10033355
904542 964292 1,22769297 3,35538393 4,5818759 5,24086082
957603 964566 5,23621498 24,29056891
905108 964638 1,14031037 4,10690606
949050 965069 1,22794796 3,11540237 4,30930909 5,9125432
959171 965435 36,6419765 39,5028086
901800 965556 6,27743558 30,18588216
937617 965719 24,16433338 90,29539903
950020 966285 38,3916220 49,30499793
904992 966798 1,19538477 5,35779521
896196 966909 1,31682195 29,1554483 33,16472938 35,21910921 39,9170983 44,9776729 48,18431351 49,15940182 55,9424912
928077 967545 0,15191822 6,1334775 10,33617523
960266 971679 4,36578661 72,17941684
956692 972126 8,21199924 14,13696839
931572 972126 10,27831795 15,29197121
938893 1745373 3,3503085 6,32588198
943566 972930 0,23468286 1,36793880
943566 1045063 0,35847475 1,9404185 3,29562489
941454 973437 1,3359892 2,10507596 4,14947629 5,32728647
948387 975443 1,27450308 23,19681202 27,16115711
956901 977198 0,13179965 1,18973274
912693 977533 0,2367687 3,1820420
933150 977611 10,2814035 14,35943806 26,23225103
933133 977611 17,22322729 27,12824193 28,22749193
933254 977611 3,25011602 11,5736337
933046 977665 1,30319867 37,11731134
932961 977665 34,20965897 40,25125759
933099 977665 10,25998773 12,4007452 22,17638734
932861 977665 31,3857876 32,35221179
908408 977864 17,12928619 23,5421827
908408 3770608 0,16703611 1,15644952 2,8175478 3,11252806 4,21826957 5,12655408 6,12213655 7,33210317 8,6598746 9,9009284
977951 978689 18,27996620 51,3508000
912260 979212 79,8324026 98,9848622
913099 979212 60,35597911 95,15748197
941999 979374 11,35900532 23,1543572
900617 979675 14,23881708 24,30017811
900408 979675 25,32976637 27,33121255 30,12458928
905769 980123 3,23158692 9,32949234
936402 980635 0,2553754 2,25305509 3,25981539 4,25786076 5,33698939
944080 981269 0,14672094 1,12305512
953612 982935 4,28362503 7,17246512 9,14647182 12,15966426
940806 983442 0,26966054 2,32999013 4,24319880
913183 984451 6,5419715 10,25460331
903219 984938 1,6348091 5,8367584 6,7733833 8,31175691
933290 984986 5,30733726 13,20084729
944813 985147 3,14339931 4,17549516
944832 985147 7,25122404 11,23091755
898254 985238 3,34864027 12,25206010 13,33604841
943843 986534 2,6387156 6,33894284 12,24967367
927464 988546 7,34090237 21,6003557
934498 988546 2,14914022 14,20942738 16,20181011 17,20082143 18,18816352 19,13155834 25,12746979
916366 988546 5,24238919 24,2693121
906889 990288 12,33952609 17,9495280
920774 992573 4,15344597 13,3665671 17,11367662
913630 993355 0,2512215 2,31530193 3,12108588 4,8145108
899759 993368 1,12883254 3,3303223
947283 993419 1,23736854 2,8051851 6,26625556 7,15773176
958438 994647 4,8636784 5,3467508 6,14093336 9,31244497
958439 994647 0,4511502 2,1541433 3,12724993 7,2437009 8,26033853
905710 996520 1,8650347 5,22747261 9,33375102 10,7798137
953099 997787 0,10776246 1,25300645 2,36114938
909874 999407 4,1003834 9,22158326 11,4488152
953422 999407 6,12044746 8,1726359
944700 1001806 2,28546651 7,9525294
944700 1010178 1,23701872 11,25735982
999437 1002282 3,22970818 15,7986161
941958 1002467 0,16701834 1,17614535
929368 1002566 1,19682612 2,4250817 8,4653652 9,4513037
907439 1003013 0,8684190 2,21293164 3,24708599
901224 1003632 10,19672207 18,7479106 25,31329517 27,12525326 29,25520441 30,20587586 46,29623481 49,2713722 54,22696850
938268 1003632 4,8927674 13,29375970 16,357253 23,17031627 33,28715334 37,18929438 51,36749312 63,4505510
929779 1003632 3,18660876 14,15323614 19,4649295 22,23227311 28,12655277 42,24181208 45,16444135 47,14095047 55,23131137 59,5412201 62,17207431
900017 1004596 3,8848166 4,3614885
893228 1007150 1,15459658 7,3466374 8,34574430 10,13874376 15,32582107 17,34626562 23,28582895 25,28764826 28,21353258 30,4572017 32,15799162
937542 1008038 0,22509121 1,26257375
943779 1010471 2,12532667 3,1806137
936106 1015509 0,12448012 3,11549091 5,8683002
940896 1015590 1,23543276 2,20488611 4,27239692
954993 1017202 1,34609659 3,35309784
913652 1020227 2,24426837 6,24268710 7,4966861
932642 1021269 92,19653340 141,13702699
904566 1023193 0,24246638 3,15859656 4,22361807 5,14347518 6,30375038 7,27524968 8,19745072 9,28316533 10,18867062 11,9812472 12,25584095 13,7486157 14,14397842
906569 1023206 1,27509037 2,35278317
906611 1024762 3,6101724 12,712469
913647 1026573 10,13536934 30,8195562 33,14128341 41,31586946 55,14654078 63,34772628 70,33803940
944413 1027019 3,14630061 4,852166
940240 1028888 1,13462033 5,18277257
947155 1029295 1,14937355 2,32680979 3,6333731
926440 1029915 2,592639 4,8319895 5,16283230 6,17210003
905111 1031354 0,5157009 8,34034704 9,21068929 10,2115991 16,30841602 17,27860007 18,6133671 19,27237362 20,8670
938879 1031420 2,22951602 3,12302920
914433 1032029 2,928224 4,15049987
914432 1032029 9,35219117 14,10366405
891807 1040729 13,4946540 15,25641531
924659 1042269 1,31620582 27,6313375
913180 1042389 6,18787653 11,31013296
927941 1043947 2,6239997 3,28438374
936545 1045067 0,4189232 2,14315245
923069 1046109 4,35501235 8,15512074 13,5147296
912598 1046109 2,1389115 10,15457221
1036352 1047283 2,16397042 8,32846618
895001 1047509 0,21588409 1,15628609 2,2744175 3,35644261 4,16239349 5,32532285 6,767392 7,21557455 8,30078723 9,2110087
902677 1048454 2,21609159 3,19232144
910648 1048933 0,33010832 4,1730641 5,10721031 6,6264318
910037 1051019 45,10906223 57,36468598
910082 1051019 46,15704990 49,12209202 53,27934896 59,10467156 62,20185491 65,21009549 68,26305063 70,9516858 71,33905170 74,13095490
913828 1054713 0,8926364 1,22895442 3,2837037 4,4160437 6,6520911
947621 1056993 1,12993020 2,18218656 5,25575142 7,24659478 10,34168105
910058 1057063 4,26156249 13,19935154
899982 1057537 0,13653899 2,22492787 3,35405897 4,28010134
903203 1060340 1,23461726 3,16583236
913471 1060561 1,21999750 4,33412999 5,12868903
913113 1062174 25,36479302 73,30977370
892536 1062780 2,13763898 24,24425809
902574 1065257 2,23540262 3,83354 11,11391838
947405 1065544 2,2395187 3,33639677 4,24584886 5,35027629
933138 1084751 0,30531615 4,15836965 5,13668673 6,4978472 7,13056537 8,27260638 9,12885258 10,36380895 11,26981238
937711 1096975 0,6885187 1,3387781
927289 1098355 1,21900921 2,24113489 3,10450240
923047 1100431 1,12652314 9,29232350 11,2906698 12,1887295 14,33212684 15,33326951 16,33395667
918163 1104224 1,6803119 2,10192263
925082 1106514 0,22785439 2,3620891
1106911 1106990 1,261648 5,31513558
1108158 1112431 98,5779602 129,21168773
1106965 1110390 36,35505510 79,6576725 84,28983818
935634 1114310 0,2763652 2,18571111 3,19866838
945161 1116727 1,11605556 2,11002042 3,23752664 4,22118231
949759 1721792 0,22294139 1,34374319 2,2954284
1122986 1129023 57,14887593 74,8638907
1122829 1132011 5,22957465 8,33078439
928061 1133143 1,28482964 3,29557875 4,14934441 6,26619463
891802 1134057 0,36111767 2,20658768 4,30764578 5,34887038 6,9912615
938051 1134891 1,36659700 5,9970887
1125096 1136977 1,7468694 8,2761779
954729 1142797 0,19194821 2,22338149 3,26669729
1135832 1143674 22,8369699 29,5588756
953092 1144369 4,27568235 13,12849360 16,20202222 17,15326533
903068 1146892 1,7406849 2,31987320
941037 1151081 20,21120409 39,17981641
903054 1151372 0,3214745 2,26490963
906731 1152274 2,22818575 7,23464627 9,7105655 14,21286469 15,31181785 20,30932708
936516 1152280 0,16736813 2,9342227 3,16837833 4,27062601 5,1729808 6,13832825 7,6334101 8,4929640 9,19880478 10,19455297
927199 1153604 0,28478789 9,18437189 10,1794939 12,28291976 13,8289669 14,26328378 15,1279981 16,686742 17,11833879 18,19151607
894100 1159596 1,2388214 19,2900956 35,12647484
957401 1163778 2,5757561 14,34356742
931373 1164410 0,27052666 5,35391402 9,32612755 10,36856063 11,9138643 12,34840350 14,26348377 16,8780209 17,24225221 18,23859480
917424 1170161 0,30191581 1,28249641
923018 1174926 0,15498756 1,29693943 2,782629
925934 1176535 0,27795456 2,1044196
905547 1184763 0,36243666 8,25465169
905547 6200411 0,14442931 1,5155527
892557 1189489 3,8814849 6,30550160
893318 1189489 0,16675814 5,6195066
921221 1195554 0,18926352 2,35091017
904560 1196572 1,25468903 5,13237978 8,23149782
904388 1204149 924,10509318 1183,7612659
908482 1205763 0,22525904 6,630087 7,8462803 8,28899456 10,10418404 12,33263069
892010 1214670 7,31753151 113,27924999 116,24753681 121,27075942 124,6811159
912828 1214670 21,32430545 112,35578440 129,2230718
946004 1214670 0,7818532 115,36851313 117,35486393 120,25700186 122,26074509 123,20765763 127,21805251 128,30700026
926392 1253432 2,32467832 10,10935786 16,17261643 21,19601214 24,10402261 25,11398577 27,21825761
901331 1231478 3,29263672 19,14952728
921805 1234376 0,19390663 1,6510460
900497 1234445 0,23301277 4,6267817 5,15893245 6,14432554 7,4082456 8,9216181 9,16689920
911043 1235536 0,13370772 1,35439791
954394 1250145 0,1931204 1,11210833
891519 1250193 4,5633418 22,25518616 44,13941540 60,32643355 71,36161447
924553 1250193 10,13404641 59,32582811
960616 1252194 0,25434569 2,29561280 3,25420926
1254503 1259611 34,14295081 37,2144876
897818 1267185 0,36872283 20,14015447
917322 1275319 0,28712609 3,12751149
941260 1276439 1,6757746 2,28034743
1280001 1280916 5,2970186 9,8521634
1280001 1291470 0,18260674 27,24179966 44,32454152
903472 1287262 6,8118812 40,27866830 41,34040360
933033 1289932 0,5133301 4,29869733 5,23266802 6,27889070 7,3363158 8,9296025 9,28027876 10,21569556 11,27389308 12,17766308
901993 1292925 1,15319273 2,29706133 11,7875077
924185 1303410 3,24957481 5,13924656
919463 1303410 7,7169378 8,9683294
919360 1303410 4,18846181 6,19207014
902455 1312554 0,34900794 2,27028688 3,10229689 4,12879753 5,31151447
1313031 1314439 21,20383551 24,28331826
900970 1324085 4,26452284 6,10751033 8,17358632 10,10616520
931983 1330304 0,29738620 9,21929147 10,3504175 11,8142234 12,423517 13,15596735 14,23165225 15,31998206 16,14790568 17,7590061 18,13664910 19,29021086 20,22097875
912004 1360212 3,14451153 4,35652393 7,25787844
934620 1369228 0,2579487 3,11904950 5,14289913 6,17149401 7,30508773 8,897801 10,17625898 11,22926194 12,9436564 13,12929584
914345 1370063 1,2639396 3,8822113
909454 1375381 0,28776427 2,24293198 3,14435461 4,4361780
947117 1388301 56,12742552 201,27048437 209,28559744 243,15102537 311,26111145 380,36086487
894770 1388301 68,4573788 169,16266189 284,28940376 458,31196077 522,13145357 549,23875381
936770 1388313 0,12751859 1165,20964134
922239 1388301 44,8624832 230,21894112 249,35426789 352,3363555 555,6902075
922239 1388313 228,11791659 1173,5695490 1174,4525884
936761 1388301 5,11643486 300,623750 334,35272965 392,34867399 459,12894287 525,4490418 558,30734349
907913 1388301 81,24392272 222,2805601 229,36824957 285,20460438 491,31136659
898826 1388301 8,5451303 218,18416535 245,4062566 257,10266986 385,9355854 476,4248704
899201 1388301 38,4132024 214,464202 288,20403038 317,34614034 329,18268519 521,11290619
892943 1388301 19,28244884 485,24039865 531,1850451 556,9705326
892943 1388313 579,26854013 1123,36076661
927774 1388301 36,21266949 247,34082925 326,32235232 368,28998692
931266 1388301 62,30873207 183,2989315 296,15107977 342,6186405 427,13530420 442,509198 446,20933952 469,12732490
931585 1388301 80,20621765 420,20089058
936455 1388301 66,2259908 170,18593316 182,4715197 348,32388135 405,9557785 500,8071369 560,14233964
897591 1388313 58,7732779 1102,14909453 1118,35293165 1125,17261224
915948 1388301 24,776703 159,34109914 185,4099504 254,10999731 424,20197174 523,29151444
948303 1388301 139,33616705 278,11407426 399,26781550 483,30048947
925903 1388301 7,6981057 266,27366728 275,4095022 536,3045342 550,15048768 553,659690
930773 1388301 40,5357330 202,18657639 330,11578903 448,22742503 466,4407589 496,2432388
920330 1388301 87,32076684 174,31682089 219,30972259 290,23299818 323,23261476 400,21176457
896893 1388301 57,7159557 208,16603432 235,16153210 237,18902600 255,34410391 274,5495654 306,2819038 488,15802663
932826 1388301 79,18259015 444,14776494
904255 1388301 6,27851194 227,16294975 358,26774532 468,333133 484,26542787 520,14411927
929351 1388301 20,10787342 179,26663442 272,31033036 515,5869391
929351 1388313 442,27721527 1110,11008438 1160,20722530
924558 1388301 140,32091338 175,24039239 328,4385479 452,2461601 504,23301321 524,5801699 547,28577510
911421 1388313 104,5137986 1128,28502266 1137,20030618
928193 1388301 97,33437138 149,4243600 220,8694297 299,20219954 312,7726884
911796 1388301 71,12958536 216,14492473 357,18270702 411,31090657 530,11809011 552,10287454
902945 1399600 4,25456278 27,14777904
891848 1432746 0,5051646 5,29027520 6,35156073
910991 1432980 3,12854347 6,16536174 7,20653000 8,10795004 9,27518153 10,521657 11,27981635 12,13944791 13,28234907
939458 1436769 4,26639400 26,17230875 28,22040810
900848 1436769 13,12201922 24,1083284 25,29058192 27,21629396
919902 1436769 8,11327030 29,4637129
929401 1460812 0,35804898 2,15064271 3,18715913 4,35422716 5,35406577 6,30542156 7,22001515 8,25503130 9,20924886 10,482378 11,1911831 12,20202956
928914 1468958 3,4603713 4,23116806 8,34450497
1410611 1480558 2,10597146 5,21590524 6,10079716 8,35361791
906787 1503697 7,12593497 37,9061633 51,9337620 55,255535 57,5910309 59,15842355 63,12793825
910158 1510883 0,26529338 1,5888541
931353 1531185 0,25311655 2,30669406 4,19410987
938000 1534630 0,3061759 2,27419664
957931 1540710 5,1903878 132,34854302
903737 1545163 1,21592286 2,15671030
895002 1566424 0,36315132 2,30396625
936728 1573439 0,1913330 1,11561109
1574564 1580362 0,12609944 7,30509927
913468 1585576 1,26235102 7,4086179 8,22454041 9,30991535 10,22266032 12,8694072 14,13128314 15,27517592 16,16674593 22,30005541
918345 1589648 0,15634881 1,24804310 2,9135334
910803 1602543 1,2013013 5,14655176 7,166650 11,22063367 12,12024913 13,35365439 14,33960336 19,29606996 20,24886251
910497 1605980 14,12745229 26,1591410
912151 1605980 12,17752831 19,20401268 21,12937563 23,8319487 28,8349509
912126 1605980 1,533418 15,1442976 17,30961775 22,23062679
910495 1605980 5,2981104 27,9782241 29,23824215
1661646 1663542 41,32273342 168,4397292
929307 1671568 0,20039702 1,34361057 4,31890278 5,6955325
1695882 1698063 2,34782163 6,9270989
1700167 1703593 0,36165313 4,22266681
921569 1721795 0,27371791 5,3285142 12,21909988 16,27249962 18,10182324 20,22572163 22,31272487 24,30441961 29,22529312 31,35450879 32,3451090
940171 1729471 0,11239644 1,5046524
1758468 1765565 1,32345945 6,4016856
940611 1769125 0,29609210 1,5021076
960226 1784792 9,21604755 10,34101206
909393 1806047 1,28532990 2,33682755 3,374587
915932 1813494 0,5775390 2,29220114 3,3769393 4,28828172 5,18808468 6,31168349 7,9552880 8,31453407 9,34593565 10,20687245
918854 1859527 141,22071519 363,8201648
933010 1894585 25,15474511 53,8791852
917354 1902384 1,28560341 2,35679479 3,728293
1900071 1904709 1,12507687 7,19164501 14,1437736 15,22826670
1953300 1953403 158,27446824 244,4245997 249,1046373 254,4697399 255,25051985 256,6549978 258,18130802 262,5729596 265,34970699 267,267112
945994 1976567 1,30268489 2,18803127
940512 2006637 13,1894306 67,20629655 72,14842194 128,29021344 132,25463637
926197 2015394 0,21163279 3,12134596
893660 2044275 1,24546396 2,23609371 3,6403934
924002 2073969 4,6942626 10,7776469 27,8605662
922157 2077511 0,3226989 1,12459075
915087 2134736 0,902835 2,4449061 4,9281189 7,5187774 8,19724035 11,17376830 12,29813882 14,15924121 15,19037650
904326 2204017 0,21180154 1,23200031
928827 2216374 0,19640840 1,22636177 3,2793876
2236239 2236565 12,9332955 54,22505840
2236239 2237829 77,30286198 117,23121541 353,27734092
932879 2264795 0,13312448 1,18620634
926413 2301240 1,26507722 17,11961771 18,29995005
2308620 2308763 0,27644691 1,5614351 2,20059819 3,35568890 4,16069863 5,17600963 6,9081226 7,23734401 8,35749582 9,16208956 10,36111420
937782 2348323 0,19234405 2,12184555 3,2427006
955468 2373037 108,27794783 132,15694881
955575 2373037 30,19335057 137,4257154
955455 2373037 66,12158467 142,3740176
955462 2373037 12,35535744 131,5273761
955465 2373037 23,25866764 136,4672849
955469 2373037 72,5588353 140,35045348
955457 2373037 86,9404709 138,6631193
955466 2373037 21,4658216 149,21489024
955470 2373037 81,7967299 129,12055755
955461 2373037 10,18405435 134,31191207
2386588 2386711 0,326163 2,4425260 3,20644541 4,15585133 5,7146213 6,9726293 7,11352034 8,21784073 9,4729294 10,30338933 11,34194966
2416194 2416237 0,12095810 1,25366492 2,7378359 3,8716769 4,15619015 5,23331654 6,994123
904061 2449177 0,28434118 1,94137
938528 2456992 4,26147989 11,28312370 16,23651012 18,5438368 27,29415170 31,19172796 33,25539475 36,36818308 39,22622654
905918 2456992 2,7302507 13,34981800 19,33224311 20,20658448 23,5775789 25,35642178
2471856 2472042 1,30719729 2,14904903
2533438 2533512 0,10480929 2,21512120 3,21416073 4,17965827 5,13822238 6,23837693
2534299 2538046 4,23390924 62,22206396 63,2329912 64,29249211 65,13488619
906629 2639178 17,27826719 34,1366151 40,33143367
903394 2713570 0,12073953 1,1861737
898454 2737922 11,7632251 15,14713005
912376 3137500 0,18233776 18,35584438 24,35501711 28,1173611 45,20692361 62,19078077 77,15821730 84,20031198
928190 3138269 0,22610979 1,18219445 2,25424122
921407 3336356 1,32135369 2,22278599 5,28611121 8,36228420 10,22798795 12,32054577 13,14516236 14,29745913 15,32403892
3461837 3471239 4,7504360 6,33528894 8,4244326
920062 3507163 0,3752733 1,31858675 5,29217812
939414 3662226 18,11646993 46,36378891 60,24030228 112,30803723
939452 3662226 27,30823402 32,14486876 47,26438147 117,27603571
908938 3761779 0,18126765 1,1418020
895592 3761854 0,3281675 1,33545513 2,28283424 3,18034453 4,8398440 5,6845075 6,6738917 7,4792738 8,53456 9,1082955
925912 3762013 0,14592076 1,1500464 2,8538682 3,30446291 4,27174493 5,24518397 6,12254610 7,16452292 8,13954851 9,3420050
907962 3762256 0,36763149 1,5326119 2,11564346 4,16883545 14,27419177 17,16158090 21,6497726 25,24368617 31,18346508
893267 3762654 0,22593328 5,33856350 8,36424311 10,20592214 13,34435689 15,535898 20,31107058 21,29136626 24,16828266 25,22309586
892299 3765361 0,12011788 1,33854967
892370 3765463 0,29882071 1,25524320 2,32736813 3,18296872 4,34130710 5,4638182 6,14317964 7,6011787
909984 3765608 0,10823009 1,2147143
907802 3765617 0,1905367 1,6427273 2,24206890 4,19434168 6,36116426 7,32747515 8,33915598 9,5489495 10,9326848 11,30491584
905974 3765648 0,19099841 1,8914364 2,1702555 3,17943547 4,19175304 5,22213310 6,3300729 7,17225253 8,193080 9,3996629
893703 3765945 20,6567704 27,20369625 33,9736940 96,6560900 97,15623048 100,5962962
890977 3774178 1,7409629 2,4305103 3,8236928
930952 3774359 6,35054438 8,23693144 11,15374518
898130 3774616 1,11871558 4,16965425 5,24231680 7,5222948 8,32637639 9,9372262 10,28708337 11,5407484 12,27413400 17,36782674
920499 3870843 0,6973236 1,14969699
940664 4027194 0,29865731 1,26078842 2,28631364 3,17178857 4,8473953
4466370 4466522 0,24691573 1,9387799 2,21223947 3,8518453 4,17442927 5,5450907 6,17025033 7,36770476 8,25838317 9,17951358 10,30813599
953572 4627201 0,13445015 2,23508848 3,3290411
900007 4903905 0,26971962 2,24267228
901505 5362323 0,15291306 1,26773630 2,10849582
2810768 6313812 0,22545508 4,35636841 9,752945 11,12553859 12,31355966 15,19671366
907907 6748976 0,14509182 4,8827549 20,18745965 22,23443920 23,33288142 26,30259321 31,14718504
